0.001 -1.19029 10.11394 0.0900000036 1.0816895962    0.090 -3.211  3.4570  5.383    1  0.000  0.545     0.00     0.00     0.00     0.00     0.00 -1 -5.25e-17      0.00 7.465e-01 2.525e-01 1.798e-04 4.851e-05 4.400e-04 -1.000 1.000e-03 12.797 20.814 18.048 16.042 14.136 12.260 10.768 10.402 10.264
0.001 -1.19029 10.11394 0.0976661593 1.1513099670    0.098 -3.013  3.4852  5.334    1  0.000  0.545     0.00     0.00     0.00     0.00     0.00 -1 -8.41e-17      0.00 7.453e-01 2.537e-01 1.798e-04 4.851e-05 4.400e-04 -1.000 1.000e-03 12.303 19.039 16.731 14.789 13.252 11.696 10.368 9.906 9.751
0.001 -1.19029 10.11394 0.1000000015 1.1711064577    0.100 -2.956  3.4934  5.319    1  0.000  0.545     0.00     0.00     0.00     0.00     0.00 -1 -9.63e-17      0.00 7.449e-01 2.541e-01 1.798e-04 4.851e-05 4.400e-04 -1.000 9.999e-04 12.160 18.543 16.368 14.454 13.003 11.538 10.252 9.770 9.607
0.001 -1.19029 10.11394 0.1199999973 1.3193154335    0.120 -2.672  3.5261  5.246    1  0.000  0.545     0.00     0.00     0.00     0.00     0.00 -1 -1.84e-16      0.00 7.425e-01 2.565e-01 1.798e-04 4.851e-05 4.400e-04 -1.000 1.000e-03 11.451 16.572 14.878 13.131 11.930 10.787 9.649 9.107 8.920
0.001 -1.19029 10.11394 0.1400000006 1.4384527206    0.140 -2.490  3.5424  5.196    1  0.000  0.545     0.00     0.00     0.00     0.00     0.00 -1 -2.74e-16      0.00 7.406e-01 2.584e-01 1.798e-04 4.851e-05 4.400e-04 -1.000 1.000e-03 10.995 15.591 14.091 12.450 11.332 10.317 9.243 8.685 8.490
0.001 -1.19029 10.11394 0.1599999964 1.5372931957    0.160 -2.350  3.5528  5.155    1  0.000  0.545     0.00     0.00     0.00     0.00     0.00 -1 -2.47e-16      0.00 7.393e-01 2.597e-01 1.798e-04 4.851e-05 4.400e-04 -1.000 9.999e-04 10.644 14.935 13.544 11.974 10.901 9.958 8.923 8.358 8.158
0.001 -1.19029 10.11394 0.2000000179 1.6938792467    0.200 -2.127  3.5669  5.086    1  0.000  0.545     0.00     0.00     0.00     0.00     0.00 -1    -6e-16      0.00 7.378e-01 2.612e-01 1.798e-04 4.851e-05 4.400e-04 -1.000 1.000e-03 10.089 13.995 12.744 11.267 10.251 9.396 8.410 7.837 7.632
0.001 -1.19029 10.11394 0.2500000298 1.8403259516    0.250 -1.923  3.5781  5.023    1  0.000  0.545     0.00     0.00     0.00     0.00     0.00 -1 -4.56e-18      0.00 7.376e-01 2.614e-01 1.798e-04 4.851e-05 4.400e-04 -1.000 1.000e-03 9.577 13.209 12.055 10.649 9.677 8.880 7.931 7.354 7.147
0.001 -1.19029 10.11394 0.3000000417 1.9529141188    0.300 -1.767  3.5865  4.980    1  0.000  0.545     0.00     0.00     0.00     0.00     0.00 -1 -1.21e-19      0.00 7.379e-01 2.611e-01 1.798e-04 4.852e-05 4.400e-04 -1.000 1.000e-03 9.187 12.624 11.540 10.187 9.248 8.488 7.566 6.985 6.780
0.001 -1.19029 10.11394 0.3500000238 2.0434176922    0.350 -1.639  3.5938  4.948    1  0.000  0.545     0.00     0.00     0.00     0.00     0.00 -1 -1.64e-15      0.00 7.480e-01 2.510e-01 1.798e-04 4.851e-05 4.400e-04 -1.000 1.000e-03 8.867 12.147 11.119 9.808 8.898 8.165 7.265 6.682 6.481
0.001 -1.19029 10.11394 0.4000000358 2.1185026169    0.400 -1.488  3.6050  4.900    1  0.000  0.545     0.00     0.00     0.00     0.00     0.00 -1  -2.3e-15      0.00 7.489e-01 2.501e-01 1.798e-04 4.851e-05 4.400e-04 -1.000 1.000e-03 8.490 11.543 10.591 9.345 8.479 7.784 6.917 6.330 6.140
0.001 -1.19029 10.11394 0.4500000179 2.1822810173    0.450 -1.308  3.6229  4.843    1  0.000  0.545     0.00     0.00     0.00     0.00     0.00 -1 -3.49e-15      0.00 7.489e-01 2.501e-01 1.798e-04 4.851e-05 4.400e-04 -1.000 1.000e-03 8.040 10.759 9.915 8.769 7.972 7.331 6.514 5.919 5.755
0.001 -1.19029 10.11394 0.5000000000 2.2374541759    0.500 -1.101  3.6522  4.798    1  0.000  0.545     0.00     0.00     0.00     0.00     0.00 -1 -5.62e-15      0.00 7.489e-01 2.501e-01 1.798e-04 4.851e-05 4.400e-04 -1.000 1.000e-03 7.522 9.712 9.048 8.057 7.371 6.814 6.073 5.491 5.367
0.001 -1.19029 10.11394 0.5500000715 2.2836585045    0.550 -0.873  3.6835  4.737    1  0.000  0.544     0.00     0.00     0.00     0.00     0.00 -1 -9.72e-15      0.00 7.861e-01 2.131e-01 1.550e-04 4.185e-05 3.798e-04 -1.000 8.233e-04 6.952 8.549 8.148 7.302 6.733 6.252 5.604 5.084 4.987
0.001 -1.19029 10.11394 0.6000000238 2.3211214542    0.600 -0.659  3.7134  4.681    1  0.000  0.544     0.00     0.00     0.00     0.00     0.00 -1 -1.62e-14      0.00 7.959e-01 2.032e-01 1.488e-04 4.019e-05 3.649e-04 -1.000 8.889e-04 6.418 7.523 7.379 6.643 6.162 5.735 5.182 4.740 4.660
0.001 -1.19029 10.11394 0.6020306349 2.3224923611    0.602 -0.650  3.7147  4.679    1  0.000  0.544     0.00     0.00     0.00     0.00     0.00 -1 -1.66e-14      0.00 7.963e-01 2.028e-01 1.485e-04 4.012e-05 3.642e-04 -1.000 8.911e-04 6.396 7.482 7.348 6.616 6.139 5.714 5.165 4.726 4.647
0.001 -1.19029 10.11394 0.6142235398 2.3305056095    0.614 -0.596  3.7227  4.665    1  0.000  0.543     0.00     0.00     0.00     0.00     0.00 -1 -7.56e-15      0.00 7.990e-01 2.002e-01 1.468e-04 3.967e-05 3.602e-04 -1.000 8.488e-04 6.261 7.236 7.161 6.457 5.999 5.587 5.061 4.642 4.566
0.001 -1.19029 10.11394 0.6260414720 2.3379306793    0.626 -0.543  3.7303  4.651    1  0.000  0.543     0.00     0.00     0.00     0.00     0.00 -1 -2.81e-18      0.00 8.017e-01 1.975e-01 1.452e-04 3.923e-05 3.563e-04 -1.000 8.000e-04 6.129 7.005 6.982 6.306 5.864 5.465 4.961 4.558 4.487
0.001 -1.19029 10.11394 0.6370397806 2.3445570469    0.637 -0.494  3.7373  4.637    1  0.000  0.543     0.00     0.00     0.00     0.00     0.00 -1  -2.4e-18      0.00 8.042e-01 1.950e-01 1.435e-04 3.880e-05 3.524e-04 -1.000 8.000e-04 6.005 6.803 6.820 6.168 5.740 5.351 4.865 4.477 4.409
0.001 -1.19029 10.11394 0.6480458379 2.3509297371    0.648 -0.444  3.7442  4.622    1  0.000  0.543     0.00     0.00     0.00     0.00     0.00 -1 -6.69e-15      0.00 8.069e-01 1.924e-01 1.419e-04 3.836e-05 3.485e-04 -1.000 7.437e-04 5.880 6.604 6.659 6.030 5.617 5.238 4.770 4.395 4.332
0.001 -1.19029 10.11394 0.6499999762 2.3520355225    0.650 -0.435  3.7454  4.619    1  0.000  0.543     0.00     0.00     0.00     0.00     0.00 -1  -2.8e-14      0.00 8.073e-01 1.919e-01 1.416e-04 3.828e-05 3.478e-04 -1.000 8.000e-04 5.858 6.569 6.630 6.005 5.595 5.218 4.753 4.380 4.318
0.001 -1.19029 10.11394 0.6609877944 2.3581120968    0.661 -0.384  3.7515  4.601    1  0.000  0.543     0.00     0.00     0.00     0.00     0.00 -1 -3.19e-14      0.00 8.106e-01 1.886e-01 1.395e-04 3.773e-05 3.428e-04 -1.000 8.000e-04 5.731 6.379 6.471 5.869 5.471 5.105 4.655 4.292 4.235
0.001 -1.19029 10.11394 0.6728429198 2.3644132614    0.673 -0.329  3.7579  4.578    1  0.000  0.542     0.00     0.00     0.00     0.00     0.00 -1 -3.68e-14      0.00 8.143e-01 1.849e-01 1.372e-04 3.711e-05 3.372e-04 -1.000 7.466e-04 5.592 6.176 6.298 5.720 5.337 4.981 4.546 4.194 4.141
0.001 -1.19029 10.11394 0.6833922267 2.3698093891    0.683 -0.278  3.7635  4.556    1  0.000  0.542     0.00     0.00     0.00     0.00     0.00 -1 -1.86e-19      0.00 8.178e-01 1.814e-01 1.350e-04 3.653e-05 3.321e-04 -1.000 7.676e-04 5.464 6.000 6.144 5.586 5.214 4.868 4.445 4.102 4.053
0.001 -1.19029 10.11394 0.6938585043 2.3749771118    0.694 -0.226  3.7688  4.532    1  0.000  0.542     0.00     0.00     0.00     0.00     0.00 -1  -5.2e-16      0.00 8.214e-01 1.779e-01 1.327e-04 3.593e-05 3.266e-04 -1.000 7.296e-04 5.334 5.828 5.990 5.451 5.090 4.752 4.341 4.006 3.961
0.001 -1.19029 10.11394 0.6999999881 2.3779268265    0.700 -0.194  3.7718  4.516    1  0.000  0.542     0.00     0.00     0.00     0.00     0.00 -1 -5.28e-14      0.00 8.236e-01 1.757e-01 1.313e-04 3.556e-05 3.234e-04 -1.000 7.000e-04 5.256 5.726 5.897 5.370 5.015 4.681 4.277 3.947 3.904
0.001 -1.19029 10.11394 0.7037456036 2.3796968460    0.703 -0.175  3.7735  4.506    1  0.000  0.541     0.00     0.00     0.00     0.00     0.00 -1 -5.58e-14      0.00 8.253e-01 1.740e-01 1.301e-04 3.527e-05 3.208e-04 -1.000 7.000e-04 5.207 5.664 5.840 5.320 4.968 4.637 4.237 3.910 3.868
0.001 -1.19029 10.11394 0.7144314647 2.3846292496    0.714 -0.116  3.7784  4.474    1  0.000  0.539     0.00     0.00     0.00     0.00     0.00 -1 -6.56e-14      0.00 8.303e-01 1.690e-01 1.266e-04 3.441e-05 3.132e-04 -1.000 7.000e-04 5.061 5.482 5.672 5.170 4.828 4.505 4.116 3.796 3.759
0.001 -1.19029 10.11394 0.7244722843 2.3891117573    0.724 -0.058  3.7828  4.439    1  0.000  0.537     0.00     0.00     0.00     0.00     0.00 -1 -7.76e-14      0.00 8.353e-01 1.640e-01 1.230e-04 3.354e-05 3.056e-04 -1.000 7.000e-04 4.915 5.311 5.507 5.021 4.688 4.372 3.992 3.679 3.645
0.001 -1.19029 10.11394 0.7337144613 2.3931131363    0.733 -0.001  3.7867  4.403    1  0.000  0.535     0.00     0.00     0.00     0.00     0.00 -1 -3.91e-19      0.00 8.403e-01 1.590e-01 1.196e-04 3.270e-05 2.981e-04 -1.000 7.000e-04 4.772 5.148 5.347 4.875 4.549 4.240 3.868 3.561 3.529
0.001 -1.19029 10.11394 0.7417292595 2.3964905739    0.741  0.053  3.7898  4.366    1  0.000  0.533     0.00     0.00     0.00     0.00     0.00 -1 -2.04e-16      0.00 8.447e-01 1.546e-01 1.166e-04 3.195e-05 2.914e-04 -1.000 7.000e-04 4.638 4.999 5.200 4.739 4.420 4.116 3.750 3.448 3.419
0.001 -1.19029 10.11394 0.7494759560 2.3996763229    0.749  0.107  3.7924  4.327    1  0.000  0.532     0.00     0.00     0.00     0.00     0.00 -1  -8.5e-14      0.00 8.490e-01 1.503e-01 1.137e-04 3.124e-05 2.851e-04 -1.000 6.876e-04 4.503 4.853 5.053 4.602 4.288 3.988 3.629 3.331 3.303
0.001 -1.19029 10.11394 0.7500000000 2.3998889923    0.749  0.111  3.7926  4.324    1  0.000  0.532     0.00     0.00     0.00     0.00     0.00 -1 -1.28e-13      0.00 8.493e-01 1.500e-01 1.135e-04 3.119e-05 2.847e-04 -1.000 6.836e-04 4.494 4.842 5.043 4.592 4.278 3.979 3.620 3.323 3.295
0.001 -1.19029 10.11394 0.7576569915 2.4029593468    0.757  0.167  3.7947  4.281    1  0.000  0.531     0.00     0.00     0.00     0.00     0.00 -1 -1.52e-13      0.00 8.526e-01 1.467e-01 1.119e-04 3.076e-05 2.809e-04 -1.000 6.250e-04 4.352 4.692 4.890 4.448 4.139 3.843 3.489 3.196 3.169
0.001 -1.19029 10.11394 0.7659617662 2.4062097073    0.765  0.235  3.7963  4.224    1  0.000  0.531     0.00     0.00     0.00     0.00     0.00 -1 -1.89e-13      0.00 8.537e-01 1.457e-01 1.116e-04 3.069e-05 2.803e-04 -1.000 6.326e-04 4.183 4.519 4.713 4.277 3.972 3.680 3.328 3.039 3.013
0.001 -1.19029 10.11394 0.7678290009 2.4069292545    0.767  0.251  3.7966  4.210    1  0.000  0.531     0.00     0.00     0.00     0.00     0.00 -1    -2e-13      0.00 8.537e-01 1.456e-01 1.117e-04 3.071e-05 2.805e-04 -1.000 6.364e-04 4.143 4.478 4.671 4.236 3.931 3.640 3.289 3.000 2.974
0.001 -1.19029 10.11394 0.7706864476 2.4080228806    0.770  0.278  3.7964  4.184    1  0.000  0.531     0.00     0.00     0.00     0.00     0.00 -1 -2.19e-13      0.00 8.538e-01 1.456e-01 1.118e-04 3.074e-05 2.809e-04 -1.000 6.421e-04 4.074 4.411 4.602 4.168 3.863 3.571 3.220 2.930 2.904
0.001 -1.19029 10.11394 0.7763946652 2.4101798534    0.775  0.336  3.7949  4.123    1  0.000  0.531     0.00     0.00     0.00     0.00     0.00 -1 -2.24e-15      0.00 8.538e-01 1.456e-01 1.121e-04 3.082e-05 2.816e-04 -1.000 6.655e-04 3.929 4.274 4.459 4.022 3.715 3.422 3.067 2.775 2.749
0.001 -1.19029 10.11394 0.7809554338 2.4118769169    0.780  0.387  3.7924  4.064    1  0.000  0.530     0.00     0.00     0.00     0.00     0.00 -1 -9.82e-20      0.00 8.537e-01 1.456e-01 1.123e-04 3.090e-05 2.824e-04 -1.000 7.000e-04 3.801 4.159 4.339 3.896 3.585 3.288 2.927 2.631 2.603
0.001 -1.19029 10.11394 0.7824665308 2.4124343395    0.781  0.408  3.7903  4.036    2  0.000  0.530     0.00     0.00     0.00     0.00     0.00 -1 -3.45e-19      0.00 8.530e-01 1.463e-01 1.129e-04 3.107e-05 2.839e-04 -1.000 6.846e-04 3.750 4.117 4.295 3.846 3.532 3.231 2.866 2.566 2.537
0.001 -1.19029 10.11394 0.7854434252 2.4135251045    0.784  0.451  3.7848  3.973    2  0.000  0.530     0.00     0.00     0.00     0.00     0.00 -1 -4.18e-18      0.00 8.499e-01 1.495e-01 1.154e-04 3.175e-05 2.901e-04 -1.000 6.605e-04 3.643 4.037 4.209 3.743 3.418 3.109 2.731 2.421 2.389
0.001 -1.19029 10.11394 0.7875987887 2.4143090248    0.786  0.486  3.7785  3.914    2  0.000  0.531     0.00     0.00     0.00     0.00     0.00 -1  -2.6e-17      0.00 8.387e-01 1.607e-01 1.231e-04 3.384e-05 3.090e-04 -1.000 6.623e-04 3.555 3.984 4.146 3.660 3.324 3.005 2.613 2.292 2.256
0.001 -1.19029 10.11394 0.7895025611 2.4149971008    0.788  0.521  3.7700  3.846    2  0.000  0.533     0.00     0.00     0.00     0.00     0.00 -1 -1.34e-16      0.00 8.151e-01 1.842e-01 1.383e-04 3.795e-05 3.461e-04 -1.000 7.505e-04 3.468 3.950 4.096 3.582 3.231 2.898 2.485 2.148 2.107
0.001 -1.19029 10.11394 0.7907484174 2.4154455662    0.789  0.547  3.7622  3.789    2  0.000  0.534     0.00     0.00     0.00     0.00     0.00 -1 -4.01e-16      0.00 7.966e-01 2.025e-01 1.494e-04 4.094e-05 3.729e-04 -1.000 8.544e-04 3.403 3.938 4.068 3.527 3.161 2.815 2.384 2.033 1.987
0.001 -1.19029 10.11394 0.7918413281 2.4158375263    0.790  0.576  3.7541  3.728    2  0.000  0.535     0.00     0.00     0.00     0.00     0.00 -1 -1.08e-15      0.00 7.835e-01 2.156e-01 1.571e-04 4.299e-05 3.912e-04 -1.000 8.972e-04 3.330 3.926 4.034 3.466 3.084 2.726 2.275 1.909 1.858
0.001 -1.19029 10.11394 0.7927880287 2.4161758423    0.791  0.612  3.7470  3.664    2  0.000  0.536     0.00     0.00     0.00     0.00     0.00 -1 -2.62e-15      0.00 7.753e-01 2.238e-01 1.617e-04 4.423e-05 4.023e-04 -1.000 9.000e-04 3.240 3.891 3.980 3.388 2.993 2.623 2.154 1.775 1.719
0.001 -1.19029 10.11394 0.7935154438 2.4164354801    0.792  0.650  3.7420  3.607    2  0.000  0.536     0.00     0.00     0.00     0.00     0.00 -1 -5.38e-15      0.00 7.706e-01 2.285e-01 1.643e-04 4.493e-05 4.085e-04 -1.000 9.349e-04 3.146 3.836 3.912 3.303 2.899 2.521 2.039 1.650 1.591
0.001 -1.19029 10.11394 0.7940055132 2.4166100025    0.792  0.679  3.7389  3.566    2  0.000  0.536     0.00     0.00     0.00     0.00     0.00 -1 -8.84e-15      0.00 7.679e-01 2.311e-01 1.658e-04 4.531e-05 4.120e-04 -1.000 9.884e-04 3.073 3.789 3.855 3.236 2.826 2.443 1.953 1.558 1.497
0.001 -1.19029 10.11394 0.7941174507 2.4166498184    0.792  0.687  3.7383  3.556    3  0.000  0.537     0.00     0.00     0.00     0.00     0.00 -1 -9.99e-15      0.00 7.674e-01 2.316e-01 1.661e-04 4.538e-05 4.125e-04 -1.000 9.907e-04 3.053 3.774 3.838 3.217 2.807 2.423 1.931 1.534 1.473
0.001 -1.19029 10.11394 0.7947067022 2.4168591499    0.793  0.731  3.7356  3.501    3  0.000  0.537     0.00     0.00     0.00     0.00     0.00 -1 -1.85e-14      0.00 7.647e-01 2.343e-01 1.672e-04 4.571e-05 4.155e-04 -1.000 9.982e-04 2.943 3.688 3.742 3.112 2.697 2.309 1.810 1.406 1.343
0.001 -1.19029 10.11394 0.7952035069 2.4170355797    0.793  0.772  3.7336  3.452    3  0.000  0.537     0.00     0.00     0.00     0.00     0.00 -1 -3.18e-14      0.00 7.627e-01 2.364e-01 1.681e-04 4.594e-05 4.175e-04 -1.000 9.000e-04 2.840 3.604 3.650 3.014 2.595 2.204 1.698 1.289 1.226
0.001 -1.19029 10.11394 0.7957550883 2.4172308445    0.794  0.822  3.7316  3.395    3  0.000  0.537     0.00     0.00     0.00     0.00     0.00 -1 -5.86e-14      0.00 7.605e-01 2.385e-01 1.688e-04 4.616e-05 4.194e-04 -1.000 9.917e-04 2.716 3.498 3.536 2.894 2.472 2.077 1.566 1.151 1.088
0.001 -1.19029 10.11394 0.7962652445 2.4174113274    0.794  0.871  3.7298  3.338    3  0.000  0.537     0.00     0.00     0.00     0.00     0.00 -1 -1.05e-13      0.00 7.585e-01 2.406e-01 1.695e-04 4.632e-05 4.210e-04 -1.000 9.000e-04 2.592 3.391 3.422 2.774 2.349 1.951 1.434 1.014 0.950
0.001 -1.19029 10.11394 0.7967774272 2.4175922871    0.795  0.926  3.7281  3.277    3  0.000  0.537     0.00     0.00     0.00     0.00     0.00 -1 -1.91e-13      0.00 7.563e-01 2.427e-01 1.700e-04 4.649e-05 4.223e-04 -1.000 9.937e-04 2.456 3.273 3.296 2.642 2.214 1.815 1.292 0.867 0.802
0.001 -1.19029 10.11394 0.7972312570 2.4177525043    0.795  0.978  3.7266  3.219    3  0.000  0.536     0.00     0.00     0.00     0.00     0.00 -1 -3.32e-13      0.00 7.546e-01 2.445e-01 1.702e-04 4.663e-05 4.233e-04 -1.000 9.018e-04 2.325 3.157 3.173 2.515 2.084 1.682 1.154 0.725 0.660
0.001 -1.19029 10.11394 0.7976164818 2.4178881645    0.796  1.027  3.7251  3.164    3  0.000  0.535     0.00     0.00     0.00     0.00     0.00 -1 -5.39e-13      0.00 7.529e-01 2.461e-01 1.701e-04 4.680e-05 4.241e-04 -1.000 1.000e-03 2.204 3.051 3.061 2.398 1.965 1.560 1.027 0.593 0.528
0.001 -1.19029 10.11394 0.7979180813 2.4179942608    0.796  1.067  3.7238  3.119    3  0.000  0.534     0.00     0.00     0.00     0.00     0.00 -1 -7.99e-13      0.00 7.518e-01 2.473e-01 1.700e-04 4.699e-05 4.246e-04 -1.000 9.040e-04 2.101 2.961 2.966 2.298 1.863 1.457 0.919 0.482 0.417
0.001 -1.19029 10.11394 0.7982522249 2.4181118011    0.796  1.117  3.7224  3.064    3  0.000  0.532     0.00     0.00     0.00     0.00     0.00 -1 -1.25e-12      0.00 7.504e-01 2.486e-01 1.696e-04 4.733e-05 4.251e-04 -1.000 9.984e-04 1.978 2.852 2.851 2.179 1.741 1.332 0.791 0.349 0.283
0.001 -1.19029 10.11394 0.7985717654 2.4182240963    0.796  1.168  3.7207  3.005    3  0.000  0.529     0.00     0.00     0.00     0.00     0.00 -1 -1.95e-12      0.00 7.492e-01 2.498e-01 1.689e-04 4.790e-05 4.256e-04 -1.000 9.972e-04 1.849 2.739 2.731 2.054 1.614 1.202 0.655 0.209 0.142
0.001 -1.19029 10.11394 0.7988612652 2.4183256626    0.796  1.220  3.7190  2.947    3  0.000  0.527     0.00     0.00     0.00     0.00     0.00 -1 -2.98e-12      0.00 7.483e-01 2.507e-01 1.682e-04 4.852e-05 4.258e-04 -1.000 9.978e-04 1.720 2.630 2.614 1.930 1.486 1.072 0.519 0.068 0.001
0.001 -1.19029 10.11394 0.7991141081 2.4184143543    0.796  1.269  3.7174  2.891    3  0.000  0.524     0.00     0.00     0.00     0.00     0.00 -1  -4.4e-12      0.00 7.476e-01 2.515e-01 1.676e-04 4.921e-05 4.261e-04 -1.000 9.000e-04 1.597 2.526 2.501 1.811 1.364 0.947 0.389 -0.067 -0.134
0.001 -1.19029 10.11394 0.7993428111 2.4184944630    0.797  1.318  3.7156  2.836    3  0.000  0.522     0.00     0.00     0.00     0.00     0.00 -1 -6.35e-12      0.00 7.470e-01 2.520e-01 1.670e-04 4.978e-05 4.262e-04 -1.000 9.987e-04 1.475 2.425 2.391 1.694 1.244 0.824 0.260 -0.201 -0.269
0.001 -1.19029 10.11394 0.7995485067 2.4185664654    0.797  1.366  3.7138  2.781    3  0.000  0.521     0.00     0.00     0.00     0.00     0.00 -1 -8.97e-12      0.00 7.466e-01 2.525e-01 1.666e-04 5.023e-05 4.264e-04 -1.000 9.004e-04 1.355 2.326 2.283 1.579 1.126 0.703 0.133 -0.333 -0.402
0.001 -1.19029 10.11394 0.7997395396 2.4186334610    0.797  1.415  3.7120  2.725    3  0.000  0.520     0.00     0.00     0.00     0.00     0.00 -1 -1.26e-11      0.00 7.464e-01 2.527e-01 1.664e-04 5.052e-05 4.265e-04 -1.000 9.005e-04 1.233 2.224 2.173 1.462 1.006 0.579 0.003 -0.468 -0.537
0.001 -1.19029 10.11394 0.7999086976 2.4186925888    0.797  1.462  3.7101  2.669    3  0.000  0.520     0.00     0.00     0.00     0.00     0.00 -1 -1.73e-11      0.00 7.463e-01 2.528e-01 1.663e-04 5.066e-05 4.265e-04 -1.000 9.002e-04 1.115 2.128 2.067 1.349 0.889 0.459 -0.123 -0.600 -0.670
0.001 -1.19029 10.11394 0.8000000119 2.4187245369    0.797  1.490  3.7089  2.637    3  0.000  0.520     0.00     0.00     0.00     0.00     0.00 -1 -2.07e-11      0.00 7.463e-01 2.528e-01 1.663e-04 5.067e-05 4.265e-04 -1.000 9.000e-04 1.044 2.072 2.005 1.283 0.820 0.388 -0.198 -0.678 -0.749
0.001 -1.19029 10.11394 0.8000662923 2.4187476635    0.797  1.511  3.7080  2.613    3  0.000  0.520     0.00     0.00     0.00     0.00     0.00 -1 -2.23e-11      0.00 7.463e-01 2.528e-01 1.663e-04 5.068e-05 4.265e-04 -1.000 9.001e-04 0.993 2.031 1.960 1.234 0.770 0.336 -0.253 -0.735 -0.806
0.001 -1.19029 10.11394 0.8002054691 2.4187963009    0.797  1.558  3.7061  2.558    3  0.000  0.520     0.00     0.00     0.00     0.00     0.00 -1 -2.65e-11      0.00 7.463e-01 2.528e-01 1.663e-04 5.070e-05 4.265e-04 -1.000 9.005e-04 0.875 1.938 1.856 1.123 0.655 0.217 -0.378 -0.867 -0.938
0.001 -1.19029 10.11394 0.8003295064 2.4188396931    0.797  1.604  3.7041  2.504    3  0.000  0.520     0.00     0.00     0.00     0.00     0.00 -1 -3.13e-11      0.00 7.463e-01 2.528e-01 1.663e-04 5.072e-05 4.265e-04 -1.000 9.007e-04 0.761 1.848 1.757 1.016 0.543 0.102 -0.500 -0.995 -1.066
0.001 -1.19029 10.11394 0.8004444838 2.4188799858    0.796  1.650  3.7021  2.450    3  0.000  0.520     0.00     0.00     0.00     0.00     0.00 -1 -3.71e-11      0.00 7.463e-01 2.528e-01 1.663e-04 5.074e-05 4.265e-04 -1.000 9.010e-04 0.646 1.762 1.657 0.906 0.430 -0.015 -0.623 -1.123 -1.195
0.001 -1.19029 10.11394 0.8005465865 2.4189155102    0.796  1.694  3.7000  2.397    3  0.000  0.520     0.00     0.00     0.00     0.00     0.00 -1 -4.37e-11      0.00 7.463e-01 2.528e-01 1.662e-04 5.075e-05 4.265e-04 -1.000 9.012e-04 0.535 1.682 1.562 0.801 0.320 -0.128 -0.743 -1.247 -1.320
0.001 -1.19029 10.11394 0.8006428480 2.4189491272    0.796  1.739  3.6979  2.343    3  0.000  0.520     0.00     0.00     0.00     0.00     0.00 -1 -5.15e-11      0.00 7.462e-01 2.529e-01 1.662e-04 5.077e-05 4.265e-04 -1.000 9.013e-04 0.422 1.602 1.466 0.695 0.209 -0.243 -0.864 -1.375 -1.449
0.001 -1.19029 10.11394 0.8007295728 2.4189794064    0.796  1.783  3.6957  2.290    3  0.000  0.520     0.00     0.00     0.00     0.00     0.00 -1 -6.06e-11      0.00 7.462e-01 2.529e-01 1.662e-04 5.078e-05 4.265e-04 -1.000 9.015e-04 0.311 1.526 1.374 0.593 0.102 -0.354 -0.983 -1.499 -1.574
0.001 -1.19029 10.11394 0.8008106351 2.4190077782    0.796  1.827  3.6935  2.237    3  0.000  0.520     0.00     0.00     0.00     0.00     0.00 -1 -7.13e-11      0.00 7.462e-01 2.529e-01 1.662e-04 5.079e-05 4.265e-04 -1.000 9.017e-04 0.201 1.451 1.282 0.491 -0.006 -0.466 -1.101 -1.624 -1.699
0.001 -1.19029 10.11394 0.8008882403 2.4190347195    0.795  1.871  3.6913  2.185    3  0.000  0.520     0.00     0.00     0.00     0.00     0.00 -1 -8.39e-11      0.00 7.462e-01 2.529e-01 1.662e-04 5.081e-05 4.266e-04 -1.000 9.018e-04 0.092 1.375 1.191 0.389 -0.113 -0.577 -1.219 -1.748 -1.823
0.001 -1.19029 10.11394 0.8009679317 2.4190626144    0.795  1.914  3.6891  2.132    3  0.000  0.519     0.00     0.00     0.00     0.00     0.00 -1 -9.83e-11      0.00 7.462e-01 2.529e-01 1.662e-04 5.082e-05 4.266e-04 -1.000 9.020e-04 -0.016 1.305 1.103 0.290 -0.217 -0.685 -1.335 -1.870 -1.947
0.001 -1.19029 10.11394 0.8010402322 2.4190878868    0.795  1.936  3.6881  2.107    3  0.000  0.519     0.00     0.00     0.00     0.00     0.00 -1 -1.07e-10      0.00 7.462e-01 2.529e-01 1.662e-04 5.083e-05 4.266e-04 -1.000 9.021e-04 -0.070 1.267 1.057 0.239 -0.269 -0.740 -1.393 -1.931 -2.008
0.001 -1.19029 10.11394 0.8010959029 2.4191071987    0.795  1.919  3.6894  2.129    3  0.000  0.519     0.00     0.00     0.00     0.00     0.00 -1 -1.01e-10      0.00 7.462e-01 2.529e-01 1.662e-04 5.084e-05 4.266e-04 -1.000 9.023e-04 -0.027 1.288 1.089 0.277 -0.229 -0.697 -1.345 -1.879 -1.956
0.001 -1.19029 10.11394 0.8011057377 2.4191105366    0.794  1.916  3.6897  2.133    3  0.000  0.519     0.00     0.00     0.00     0.00     0.00 -1 -9.97e-11      0.00 7.462e-01 2.529e-01 1.662e-04 5.084e-05 4.266e-04 -1.000 9.023e-04 -0.019 1.292 1.094 0.283 -0.222 -0.689 -1.337 -1.870 -1.946
0.001 -1.19029 10.11394 0.8011521101 2.4191267490    0.794  1.951  3.6878  2.091    3  0.000  0.519     0.00     0.00     0.00     0.00     0.00 -1 -1.13e-10      0.00 7.462e-01 2.529e-01 1.662e-04 5.085e-05 4.266e-04 -1.000 9.024e-04 -0.107 1.236 1.024 0.204 -0.306 -0.776 -1.431 -1.970 -2.047
0.001 -1.19029 10.11394 0.8012032509 2.4191446304    0.794  1.991  3.6856  2.041    3  0.000  0.519     0.00     0.00     0.00     0.00     0.00 -1 -1.31e-10      0.00 7.462e-01 2.529e-01 1.662e-04 5.086e-05 4.266e-04 -1.000 9.026e-04 -0.209 1.173 0.943 0.111 -0.403 -0.878 -1.541 -2.088 -2.165
0.001 -1.19029 10.11394 0.8012526631 2.4191617966    0.794  2.033  3.6833  1.990    3  0.000  0.519     0.00     0.00     0.00     0.00     0.00 -1 -1.53e-10      0.00 7.462e-01 2.529e-01 1.662e-04 5.086e-05 4.266e-04 -1.000 9.026e-04 -0.313 1.115 0.862 0.016 -0.504 -0.983 -1.654 -2.208 -2.285
0.001 -1.19029 10.11394 0.8012977839 2.4191775322    0.793  2.073  3.6810  1.940    3  0.000  0.519     0.00     0.00     0.00     0.00     0.00 -1 -1.77e-10      0.00 7.462e-01 2.529e-01 1.662e-04 5.087e-05 4.266e-04 -1.000 9.027e-04 -0.414 1.075 0.789 -0.078 -0.605 -1.087 -1.765 -2.326 -2.403
0.001 -1.19029 10.11394 0.8013405204 2.4191925526    0.793  2.115  3.6786  1.889    3  0.000  0.519     0.00     0.00     0.00     0.00     0.00 -1 -2.07e-10      0.00 7.462e-01 2.529e-01 1.662e-04 5.088e-05 4.266e-04 -1.000 9.027e-04 -0.517 1.036 0.716 -0.172 -0.706 -1.193 -1.879 -2.446 -2.522
0.001 -1.19029 10.11394 0.8013790250 2.4192059040    0.792  2.155  3.6762  1.839    3  0.000  0.519     0.00     0.00     0.00     0.00     0.00 -1  -2.4e-10      0.00 7.462e-01 2.529e-01 1.661e-04 5.088e-05 4.266e-04 -1.000 9.029e-04 -0.617 1.002 0.647 -0.263 -0.805 -1.295 -1.989 -2.562 -2.638
0.001 -1.19029 10.11394 0.8014148474 2.4192183018    0.792  2.195  3.6738  1.789    3  0.000  0.519     0.00     0.00     0.00     0.00     0.00 -1 -2.79e-10      0.00 7.462e-01 2.529e-01 1.661e-04 5.089e-05 4.266e-04 -1.000 9.030e-04 -0.717 0.972 0.580 -0.353 -0.902 -1.397 -2.099 -2.678 -2.754
0.001 -1.19029 10.11394 0.8014476895 2.4192297459    0.791  2.234  3.6714  1.740    3  0.000  0.519     0.00     0.00     0.00     0.00     0.00 -1 -3.24e-10      0.00 7.462e-01 2.529e-01 1.661e-04 5.089e-05 4.266e-04 -1.000 9.030e-04 -0.815 0.944 0.515 -0.442 -0.999 -1.497 -2.207 -2.793 -2.869
0.001 -1.19029 10.11394 0.8014780879 2.4192404747    0.791  2.274  3.6689  1.690    3  0.000  0.519     0.00     0.00     0.00     0.00     0.00 -1 -3.76e-10      0.00 7.462e-01 2.529e-01 1.661e-04 5.090e-05 4.266e-04 -1.000 9.031e-04 -0.914 0.921 0.453 -0.529 -1.095 -1.598 -2.316 -2.908 -2.984
0.001 -1.19029 10.11394 0.8015056849 2.4192500114    0.790  2.312  3.6665  1.641    3  0.000  0.519     0.00     0.00     0.00     0.00     0.00 -1 -4.35e-10      0.00 7.462e-01 2.529e-01 1.661e-04 5.090e-05 4.266e-04 -1.000 9.031e-04 -1.011 0.904 0.395 -0.614 -1.187 -1.695 -2.422 -3.021 -3.097
0.001 -1.19029 10.11394 0.8015317917 2.4192590714    0.789  2.352  3.6640  1.591    3  0.000  0.519     0.00     0.00     0.00     0.00     0.00 -1 -5.04e-10      0.00 7.462e-01 2.529e-01 1.661e-04 5.091e-05 4.266e-04 -1.000 9.032e-04 -1.110 0.889 0.337 -0.699 -1.282 -1.794 -2.531 -3.136 -3.212
0.001 -1.19029 10.11394 0.8015555739 2.4192674160    0.789  2.390  3.6614  1.542    3  0.000  0.519     0.00     0.00     0.00     0.00     0.00 -1 -5.82e-10      0.00 7.462e-01 2.529e-01 1.661e-04 5.091e-05 4.266e-04 -1.000 9.032e-04 -1.206 0.880 0.283 -0.782 -1.373 -1.891 -2.637 -3.248 -3.325
0.001 -1.19029 10.11394 0.8015776277 2.4192750454    0.788  2.428  3.6589  1.494    3  0.000  0.519     0.00     0.00     0.00     0.00     0.00 -1 -6.72e-10      0.00 7.462e-01 2.529e-01 1.661e-04 5.091e-05 4.266e-04 -1.000 9.033e-04 -1.301 0.870 0.230 -0.862 -1.462 -1.985 -2.741 -3.359 -3.437
0.001 -1.19029 10.11394 0.8015978336 2.4192819595    0.787  2.465  3.6565  1.447    3  0.000  0.519     0.00     0.00     0.00     0.00     0.00 -1 -7.73e-10      0.00 7.462e-01 2.529e-01 1.661e-04 5.092e-05 4.266e-04 -1.000 9.033e-04 -1.393 0.862 0.178 -0.937 -1.548 -2.076 -2.842 -3.467 -3.546
0.001 -1.19029 10.11394 0.8016209602 2.4192900658    0.786  2.511  3.6532  1.387    3  0.000  0.519     0.00     0.00     0.00     0.00     0.00 -1 -9.21e-10      0.00 7.462e-01 2.529e-01 1.661e-04 5.092e-05 4.266e-04 -1.000 9.034e-04 -1.508 0.851 0.116 -1.028 -1.651 -2.188 -2.967 -3.602 -3.683
0.001 -1.19029 10.11394 0.8016383052 2.4192962646    0.785  2.548  3.6506  1.339    3  0.000  0.519     0.00     0.00     0.00     0.00     0.00 -1 -1.06e-09      0.00 7.462e-01 2.529e-01 1.661e-04 5.092e-05 4.266e-04 -1.000 9.033e-04 -1.601 0.845 0.066 -1.102 -1.734 -2.278 -3.068 -3.712 -3.794
0.001 -1.19029 10.11394 0.8016574383 2.4193027020    0.784  2.592  3.6477  1.283    3  0.000  0.519     0.00     0.00     0.00     0.00     0.00 -1 -1.25e-09      0.00 7.462e-01 2.529e-01 1.661e-04 5.093e-05 4.266e-04 -1.000 9.035e-04 -1.710 0.835 0.006 -1.187 -1.831 -2.383 -3.186 -3.839 -3.923
0.001 -1.19029 10.11394 0.8016754389 2.4193091393    0.783  2.636  3.6445  1.225    3  0.000  0.519     0.00     0.00     0.00     0.00     0.00 -1 -1.48e-09      0.00 7.462e-01 2.529e-01 1.661e-04 5.093e-05 4.266e-04 -1.000 9.034e-04 -1.820 0.832 -0.051 -1.272 -1.928 -2.489 -3.306 -3.969 -4.056
0.001 -1.19029 10.11394 0.8016890883 2.4193139076    0.781  2.672  3.6419  1.178    3  0.000  0.519     0.00     0.00     0.00     0.00     0.00 -1  -1.7e-09      0.00 7.462e-01 2.529e-01 1.661e-04 5.093e-05 4.266e-04 -1.000 9.035e-04 -1.910 0.831 -0.097 -1.340 -2.007 -2.575 -3.403 -4.076 -4.164
0.001 -1.19029 10.11394 0.8017040491 2.4193191528    0.780  2.714  3.6389  1.124    3  0.000  0.519     0.00     0.00     0.00     0.00     0.00 -1    -2e-09      0.00 7.462e-01 2.529e-01 1.661e-04 5.093e-05 4.266e-04 -1.000 9.036e-04 -2.015 0.831 -0.149 -1.420 -2.099 -2.675 -3.516 -4.199 -4.289
0.001 -1.19029 10.11394 0.8017182350 2.4193239212    0.778  2.757  3.6358  1.068    3  0.000  0.519     0.00     0.00     0.00     0.00     0.00 -1 -2.36e-09      0.00 7.462e-01 2.529e-01 1.661e-04 5.093e-05 4.266e-04 -1.000 9.036e-04 -2.122 0.838 -0.199 -1.498 -2.190 -2.775 -3.631 -4.324 -4.416
0.001 -1.19029 10.11394 0.8017316461 2.4193286896    0.776  2.800  3.6325  1.010    3  0.000  0.519     0.00     0.00     0.00     0.00     0.00 -1 -2.79e-09      0.00 7.462e-01 2.529e-01 1.661e-04 5.094e-05 4.266e-04 -1.000 9.035e-04 -2.230 0.851 -0.247 -1.576 -2.282 -2.877 -3.748 -4.452 -4.547
0.001 -1.19029 10.11394 0.8017431498 2.4193327427    0.774  2.840  3.6296  0.958    3  0.000  0.519     0.00     0.00     0.00     0.00     0.00 -1 -3.24e-09      0.00 7.462e-01 2.529e-01 1.661e-04 5.094e-05 4.266e-04 -1.000 9.036e-04 -2.329 0.871 -0.286 -1.645 -2.366 -2.970 -3.855 -4.569 -4.666
0.001 -1.19029 10.11394 0.8017541766 2.4193365574    0.772  2.880  3.6266  0.904    3  0.000  0.519     0.00     0.00     0.00     0.00     0.00 -1 -3.79e-09      0.00 7.462e-01 2.529e-01 1.661e-04 5.094e-05 4.266e-04 -1.000 9.036e-04 -2.430 0.898 -0.323 -1.713 -2.449 -3.064 -3.964 -4.688 -4.788
0.001 -1.19029 10.11394 0.8017646074 2.4193401337    0.770  2.921  3.6233  0.848    3  0.000  0.519     0.00     0.00     0.00     0.00     0.00 -1 -4.45e-09      0.00 7.462e-01 2.529e-01 1.661e-04 5.094e-05 4.266e-04 -1.000 9.037e-04 -2.533 0.934 -0.355 -1.779 -2.532 -3.159 -4.074 -4.810 -4.913
0.001 -1.19029 10.11394 0.8017740250 2.4193434715    0.767  2.960  3.6202  0.795    3  0.000  0.519     0.00     0.00     0.00     0.00     0.00 -1 -5.19e-09      0.00 7.462e-01 2.529e-01 1.661e-04 5.094e-05 4.266e-04 -1.000 9.037e-04 -2.631 0.965 -0.388 -1.843 -2.612 -3.250 -4.180 -4.926 -5.033
0.001 -1.19029 10.11394 0.8017826676 2.4193463326    0.764  2.999  3.6174  0.744    3  0.000  0.519     0.00     0.00     0.00     0.00     0.00 -1 -6.03e-09      0.00 7.462e-01 2.529e-01 1.661e-04 5.094e-05 4.266e-04 -1.000 9.037e-04 -2.728 0.994 -0.420 -1.905 -2.690 -3.338 -4.283 -5.039 -5.148
0.001 -1.19029 10.11394 0.8017908335 2.4193491936    0.761  3.038  3.6143  0.691    3  0.000  0.519     0.00     0.00     0.00     0.00     0.00 -1 -7.02e-09      0.00 7.462e-01 2.529e-01 1.661e-04 5.095e-05 4.266e-04 -1.000 9.037e-04 -2.824 1.034 -0.445 -1.964 -2.766 -3.425 -4.386 -5.153 -5.266
0.001 -1.19029 10.11394 0.8017987013 2.4193520546    0.758  3.077  3.6113  0.638    3  0.000  0.519     0.00     0.00     0.00     0.00     0.00 -1 -8.18e-09      0.00 7.462e-01 2.529e-01 1.661e-04 5.095e-05 4.266e-04 -1.000 9.038e-04 -2.922 1.069 -0.474 -2.025 -2.844 -3.515 -4.491 -5.269 -5.384
0.001 -1.19029 10.11394 0.8018055558 2.4193544388    0.755  3.113  3.6085  0.589    3  0.000  0.519     0.00     0.00     0.00     0.00     0.00 -1 -9.44e-09      0.00 7.462e-01 2.529e-01 1.661e-04 5.095e-05 4.266e-04 -1.000 9.037e-04 -3.013 1.105 -0.499 -2.079 -2.915 -3.597 -4.587 -5.375 -5.494
0.001 -1.19029 10.11394 0.8018122315 2.4193565845    0.751  3.150  3.6056  0.537    3  0.000  0.519     0.00     0.00     0.00     0.00     0.00 -1 -1.09e-08      0.00 7.462e-01 2.529e-01 1.661e-04 5.095e-05 4.266e-04 -1.000 9.038e-04 -3.106 1.146 -0.521 -2.133 -2.986 -3.680 -4.686 -5.484 -5.606
0.001 -1.19029 10.11394 0.8018184900 2.4193589687    0.747  3.187  3.6026  0.486    3  0.000  0.519     0.00     0.00     0.00     0.00     0.00 -1 -1.27e-08      0.00 7.462e-01 2.529e-01 1.661e-04 5.095e-05 4.266e-04 -1.000 9.037e-04 -3.198 1.190 -0.539 -2.184 -3.055 -3.762 -4.784 -5.592 -5.718
0.001 -1.19029 10.11394 0.8018242717 2.4193608761    0.742  3.223  3.5998  0.437    3  0.000  0.519     0.00     0.00     0.00     0.00     0.00 -1 -1.46e-08      0.00 7.462e-01 2.529e-01 1.661e-04 5.095e-05 4.266e-04 -1.000 9.038e-04 -3.287 1.239 -0.550 -2.230 -3.121 -3.842 -4.879 -5.697 -5.826
0.001 -1.19029 10.11394 0.8018295765 2.4193627834    0.738  3.257  3.5972  0.389    3  0.000  0.519     0.00     0.00     0.00     0.00     0.00 -1 -1.67e-08      0.00 7.462e-01 2.529e-01 1.661e-04 5.095e-05 4.266e-04 -1.000 9.038e-04 -3.372 1.287 -0.559 -2.272 -3.183 -3.917 -4.970 -5.797 -5.930
0.001 -1.19029 10.11394 0.8018345833 2.4193644524    0.732  3.290  3.5946  0.343    3  0.000  0.519     0.00     0.00     0.00     0.00     0.00 -1 -1.91e-08      0.00 7.462e-01 2.529e-01 1.661e-04 5.095e-05 4.266e-04 -1.000 9.038e-04 -3.455 1.333 -0.567 -2.312 -3.242 -3.991 -5.058 -5.894 -6.031
0.001 -1.19029 10.11394 0.8018394709 2.4193661213    0.727  3.321  3.5921  0.299    3  0.000  0.519     0.00     0.00     0.00     0.00     0.00 -1 -2.17e-08      0.00 7.462e-01 2.529e-01 1.661e-04 5.095e-05 4.266e-04 -1.000 9.038e-04 -3.533 1.378 -0.573 -2.349 -3.298 -4.059 -5.141 -5.984 -6.125
0.001 -1.19029 10.11394 0.8018405437 2.4193665981    0.726  3.328  3.5916  0.289    3  0.000  0.519     0.00     0.00     0.00     0.00     0.00 -1 -2.24e-08      0.00 7.462e-01 2.529e-01 1.661e-04 5.095e-05 4.266e-04 -1.000 9.038e-04 -3.550 1.388 -0.574 -2.357 -3.310 -4.074 -5.159 -6.004 -6.146
0.001 -1.19029 10.11394 0.8018405437 2.4193665981    0.726  1.717  3.7488  2.529    4  0.000  0.518     0.00     0.00     0.00     0.00     0.00 -1    -1e-30      0.00 7.405e-01 2.585e-01 1.687e-04 5.258e-05 4.343e-04 -1.000 1.000e-03 0.477 1.132 1.172 0.612 0.231 -0.131 -0.604 -0.986 -1.036
0.001 -1.19029 10.11394 0.8018859029 2.4193823338    0.726  1.733  3.7477  2.508    4  0.000  0.518     0.00     0.00     0.00     0.00     0.00 -1    -1e-30      0.00 7.405e-01 2.585e-01 1.687e-04 5.258e-05 4.343e-04 -1.000 1.000e-03 0.437 1.101 1.140 0.575 0.192 -0.173 -0.649 -1.034 -1.084
0.001 -1.19029 10.11394 0.8019322753 2.4193985462    0.726  1.736  3.7475  2.505    4  0.000  0.518     0.00     0.00     0.00     0.00     0.00 -1    -1e-30      0.00 7.405e-01 2.585e-01 1.687e-04 5.258e-05 4.343e-04 -1.000 1.000e-03 0.429 1.094 1.133 0.567 0.184 -0.180 -0.657 -1.042 -1.093
0.001 -1.19029 10.11394 0.8019794822 2.4194147587    0.726  1.737  3.7477  2.504    4  0.000  0.518     0.00     0.00     0.00     0.00     0.00 -1    -1e-30      0.00 7.405e-01 2.585e-01 1.687e-04 5.258e-05 4.343e-04 -1.000 1.000e-03 0.426 1.090 1.128 0.564 0.181 -0.183 -0.659 -1.044 -1.095
0.001 -1.19029 10.11394 0.8020282388 2.4194319248    0.726  1.738  3.7481  2.506    4  0.000  0.518     0.00     0.00     0.00     0.00     0.00 -1    -1e-30      0.00 7.405e-01 2.585e-01 1.687e-04 5.258e-05 4.343e-04 -1.000 1.000e-03 0.425 1.086 1.125 0.562 0.180 -0.184 -0.659 -1.042 -1.093
0.001 -1.19029 10.11394 0.8020756841 2.4194483757    0.726  1.737  3.7488  2.508    4  0.000  0.518     0.00     0.00     0.00     0.00     0.00 -1    -1e-30      0.00 7.405e-01 2.585e-01 1.687e-04 5.258e-05 4.343e-04 -1.000 1.000e-03 0.426 1.083 1.122 0.561 0.180 -0.182 -0.655 -1.037 -1.087
0.001 -1.19029 10.11394 0.8021234870 2.4194648266    0.726  1.737  3.7496  2.513    4  0.000  0.518     0.00     0.00     0.00     0.00     0.00 -1    -1e-30      0.00 7.405e-01 2.585e-01 1.687e-04 5.258e-05 4.343e-04 -1.000 1.000e-03 0.429 1.079 1.119 0.561 0.182 -0.179 -0.649 -1.030 -1.079
0.001 -1.19029 10.11394 0.8021723628 2.4194819927    0.726  1.735  3.7505  2.518    4  0.000  0.518     0.00     0.00     0.00     0.00     0.00 -1    -1e-30      0.00 7.405e-01 2.585e-01 1.687e-04 5.258e-05 4.343e-04 -1.000 1.000e-03 0.432 1.076 1.117 0.563 0.185 -0.174 -0.642 -1.020 -1.069
0.001 -1.19029 10.11394 0.8022205830 2.4194986820    0.726  1.734  3.7516  2.524    4  0.000  0.518     0.00     0.00     0.00     0.00     0.00 -1    -1e-30      0.00 7.405e-01 2.585e-01 1.687e-04 5.258e-05 4.343e-04 -1.000 1.000e-03 0.436 1.074 1.115 0.564 0.189 -0.168 -0.634 -1.009 -1.058
0.001 -1.19029 10.11394 0.8022696376 2.4195156097    0.726  1.732  3.7526  2.529    4  0.000  0.518     0.00     0.00     0.00     0.00     0.00 -1    -1e-30      0.00 7.405e-01 2.585e-01 1.687e-04 5.258e-05 4.343e-04 -1.000 1.000e-03 0.439 1.071 1.112 0.566 0.193 -0.163 -0.626 -0.999 -1.047
0.001 -1.19029 10.11394 0.8023159504 2.4195318222    0.726  1.731  3.7535  2.534    4  0.000  0.518     0.00     0.00     0.00     0.00     0.00 -1    -1e-30      0.00 7.405e-01 2.585e-01 1.687e-04 5.258e-05 4.343e-04 -1.000 1.000e-03 0.443 1.069 1.110 0.567 0.196 -0.158 -0.618 -0.989 -1.036
0.001 -1.19029 10.11394 0.8023653626 2.4195489883    0.726  1.730  3.7545  2.539    4  0.000  0.518     0.00     0.00     0.00     0.00     0.00 -1    -1e-30      0.00 7.405e-01 2.585e-01 1.687e-04 5.258e-05 4.343e-04 -1.000 1.000e-03 0.446 1.066 1.107 0.568 0.199 -0.153 -0.611 -0.979 -1.026
0.001 -1.19029 10.11394 0.8024139404 2.4195659161    0.726  1.728  3.7554  2.544    4  0.000  0.518     0.00     0.00     0.00     0.00     0.00 -1    -1e-30      0.00 7.405e-01 2.585e-01 1.687e-04 5.258e-05 4.343e-04 -1.000 1.000e-03 0.449 1.063 1.105 0.569 0.202 -0.149 -0.604 -0.970 -1.017
0.001 -1.19029 10.11394 0.8024593592 2.4195816517    0.726  1.728  3.7561  2.548    4  0.000  0.518     0.00     0.00     0.00     0.00     0.00 -1    -1e-30      0.00 7.405e-01 2.585e-01 1.687e-04 5.258e-05 4.343e-04 -1.000 1.000e-03 0.451 1.060 1.103 0.570 0.204 -0.145 -0.599 -0.964 -1.010
0.001 -1.19029 10.11394 0.8025072813 2.4195983410    0.726  1.727  3.7567  2.551    4  0.000  0.518     0.00     0.00     0.00     0.00     0.00 -1    -1e-30      0.00 7.405e-01 2.585e-01 1.687e-04 5.258e-05 4.343e-04 -1.000 1.000e-03 0.453 1.058 1.101 0.570 0.205 -0.143 -0.594 -0.958 -1.003
0.001 -1.19029 10.11394 0.8025184870 2.4196021557    0.726  1.727  3.7569  2.552    4  0.000  0.518     0.00     0.00     0.00     0.00     0.00 -1    -1e-30      0.00 7.405e-01 2.585e-01 1.687e-04 5.258e-05 4.343e-04 -1.000 1.000e-03 0.453 1.057 1.100 0.570 0.206 -0.142 -0.593 -0.956 -1.002
0.001 -1.19029 10.11394 0.8025280237 2.4196054935    0.726  1.727  3.7569  2.552    4  0.000  0.518     0.00     0.00     0.00     0.00     0.00 -1    -1e-30      0.00 7.405e-01 2.585e-01 1.687e-04 5.258e-05 4.343e-04 -1.000 1.000e-03 0.453 1.057 1.100 0.570 0.206 -0.142 -0.593 -0.956 -1.001
0.001 -1.19029 10.11394 0.8025767803 2.4196224213    0.726  1.727  3.7573  2.554    4  0.000  0.518     0.00     0.00     0.00     0.00     0.00 -1    -1e-30      0.00 7.405e-01 2.585e-01 1.687e-04 5.258e-05 4.343e-04 -1.000 1.000e-03 0.453 1.055 1.098 0.569 0.206 -0.141 -0.591 -0.953 -0.998
0.001 -1.19029 10.11394 0.8026263118 2.4196395874    0.726  1.727  3.7575  2.554    4  0.000  0.518     0.00     0.00     0.00     0.00     0.00 -1    -1e-30      0.00 7.405e-01 2.585e-01 1.687e-04 5.258e-05 4.343e-04 -1.000 1.000e-03 0.453 1.053 1.096 0.568 0.205 -0.141 -0.591 -0.952 -0.997
0.001 -1.19029 10.11394 0.8026744127 2.4196562767    0.726  1.727  3.7575  2.554    4  0.000  0.518     0.00     0.00     0.00     0.00     0.00 -1    -1e-30      0.00 7.405e-01 2.585e-01 1.687e-04 5.258e-05 4.343e-04 -1.000 1.000e-03 0.451 1.052 1.095 0.567 0.204 -0.143 -0.592 -0.954 -0.999
0.001 -1.19029 10.11394 0.8027221560 2.4196727276    0.727  1.728  3.7574  2.552    4  0.000  0.518     0.00     0.00     0.00     0.00     0.00 -1    -1e-30      0.00 7.405e-01 2.585e-01 1.687e-04 5.258e-05 4.343e-04 -1.000 1.000e-03 0.449 1.050 1.093 0.565 0.201 -0.145 -0.595 -0.957 -1.002
0.001 -1.19029 10.11394 0.8027694225 2.4196891785    0.727  1.730  3.7570  2.549    4  0.000  0.518     0.00     0.00     0.00     0.00     0.00 -1    -1e-30      0.00 7.405e-01 2.585e-01 1.687e-04 5.258e-05 4.343e-04 -1.000 1.000e-03 0.445 1.049 1.091 0.562 0.198 -0.150 -0.601 -0.963 -1.009
0.001 -1.19029 10.11394 0.8028192520 2.4197065830    0.727  1.732  3.7564  2.545    4  0.000  0.518     0.00     0.00     0.00     0.00     0.00 -1    -1e-30      0.00 7.405e-01 2.585e-01 1.687e-04 5.258e-05 4.343e-04 -1.000 1.000e-03 0.440 1.047 1.090 0.558 0.192 -0.156 -0.609 -0.973 -1.019
0.001 -1.19029 10.11394 0.8028692603 2.4197239876    0.727  1.734  3.7558  2.540    4  0.000  0.518     0.00     0.00     0.00     0.00     0.00 -1    -1e-30      0.00 7.405e-01 2.585e-01 1.687e-04 5.258e-05 4.343e-04 -1.000 1.000e-03 0.434 1.046 1.088 0.553 0.187 -0.163 -0.617 -0.983 -1.029
0.001 -1.19029 10.11394 0.8028813004 2.4197280407    0.727  1.735  3.7556  2.539    4  0.000  0.518     0.00     0.00     0.00     0.00     0.00 -1    -1e-30      0.00 7.405e-01 2.585e-01 1.687e-04 5.258e-05 4.343e-04 -1.000 1.000e-03 0.432 1.045 1.087 0.552 0.185 -0.165 -0.620 -0.986 -1.032
0.001 -1.19029 10.11394 0.8029006124 2.4197347164    0.727  1.736  3.7551  2.536    4  0.000  0.518     0.00     0.00     0.00     0.00     0.00 -1    -1e-30      0.00 7.405e-01 2.585e-01 1.687e-04 5.258e-05 4.343e-04 -1.000 1.000e-03 0.429 1.045 1.086 0.549 0.182 -0.169 -0.625 -0.992 -1.039
0.001 -1.19029 10.11394 0.8029411435 2.4197487831    0.727  1.740  3.7542  2.529    4  0.000  0.518     0.00     0.00     0.00     0.00     0.00 -1    -1e-30      0.00 7.405e-01 2.585e-01 1.687e-04 5.258e-05 4.343e-04 -1.000 1.000e-03 0.421 1.043 1.084 0.544 0.174 -0.178 -0.637 -1.007 -1.053
0.001 -1.19029 10.11394 0.8029817343 2.4197628498    0.727  1.743  3.7532  2.521    4  0.000  0.518     0.00     0.00     0.00     0.00     0.00 -1    -1e-30      0.00 7.405e-01 2.585e-01 1.687e-04 5.258e-05 4.343e-04 -1.000 1.000e-03 0.413 1.041 1.082 0.538 0.166 -0.188 -0.650 -1.021 -1.069
0.001 -1.19029 10.11394 0.8030228019 2.4197771549    0.727  1.747  3.7521  2.513    4  0.000  0.518     0.00     0.00     0.00     0.00     0.00 -1    -1e-30      0.00 7.405e-01 2.585e-01 1.687e-04 5.258e-05 4.343e-04 -1.000 1.000e-03 0.404 1.039 1.079 0.531 0.157 -0.199 -0.663 -1.038 -1.086
0.001 -1.19029 10.11394 0.8030642867 2.4197914600    0.727  1.751  3.7510  2.505    4  0.000  0.518     0.00     0.00     0.00     0.00     0.00 -1    -1e-30      0.00 7.405e-01 2.585e-01 1.687e-04 5.258e-05 4.343e-04 -1.000 1.000e-03 0.393 1.035 1.075 0.523 0.146 -0.212 -0.679 -1.056 -1.105
0.001 -1.19029 10.11394 0.8031042218 2.4198052883    0.727  1.755  3.7499  2.496    4  0.000  0.518     0.00     0.00     0.00     0.00     0.00 -1    -1e-30      0.00 7.405e-01 2.585e-01 1.687e-04 5.258e-05 4.343e-04 -1.000 1.000e-03 0.382 1.032 1.070 0.514 0.135 -0.225 -0.695 -1.075 -1.124
0.001 -1.19029 10.11394 0.8031443357 2.4198193550    0.727  1.760  3.7487  2.486    4  0.000  0.518     0.00     0.00     0.00     0.00     0.00 -1    -1e-30      0.00 7.405e-01 2.585e-01 1.687e-04 5.258e-05 4.343e-04 -1.000 1.000e-03 0.369 1.028 1.065 0.504 0.123 -0.239 -0.713 -1.095 -1.145
0.001 -1.19029 10.11394 0.8031849265 2.4198334217    0.727  1.765  3.7477  2.478    4  0.000  0.518     0.00     0.00     0.00     0.00     0.00 -1    -1e-30      0.00 7.405e-01 2.585e-01 1.687e-04 5.258e-05 4.343e-04 -1.000 1.000e-03 0.358 1.024 1.059 0.495 0.112 -0.252 -0.728 -1.112 -1.163
0.001 -1.19029 10.11394 0.8032253385 2.4198472500    0.727  1.766  3.7475  2.476    4  0.000  0.518     0.00     0.00     0.00     0.00     0.00 -1    -1e-30      0.00 7.405e-01 2.585e-01 1.687e-04 5.258e-05 4.343e-04 -1.000 1.000e-03 0.355 1.022 1.057 0.492 0.109 -0.256 -0.732 -1.117 -1.168
0.001 -1.19029 10.11394 0.8032667637 2.4198615551    0.727  1.776  3.7452  2.456    4  0.000  0.518     0.00     0.00     0.00     0.00     0.00 -1    -1e-30      0.00 7.405e-01 2.585e-01 1.687e-04 5.258e-05 4.343e-04 -1.000 1.000e-03 0.329 1.013 1.045 0.471 0.083 -0.285 -0.768 -1.158 -1.210
0.001 -1.19029 10.11394 0.8033069372 2.4198756218    0.727  1.789  3.7428  2.434    4  0.000  0.518     0.00     0.00     0.00     0.00     0.00 -1    -1e-30      0.00 7.405e-01 2.585e-01 1.687e-04 5.258e-05 4.343e-04 -1.000 1.000e-03 0.298 1.000 1.028 0.445 0.053 -0.320 -0.809 -1.205 -1.258
0.001 -1.19029 10.11394 0.8033496141 2.4198904037    0.727  1.805  3.7401  2.407    4  0.000  0.518     0.00     0.00     0.00     0.00     0.00 -1    -1e-30      0.00 7.405e-01 2.585e-01 1.687e-04 5.258e-05 4.343e-04 -1.000 1.000e-03 0.259 0.982 1.005 0.412 0.014 -0.363 -0.860 -1.262 -1.317
0.001 -1.19029 10.11394 0.8033903241 2.4199044704    0.727  1.831  3.7359  2.365    4  0.000  0.518     0.00     0.00     0.00     0.00     0.00 -1    -1e-30      0.00 7.405e-01 2.585e-01 1.687e-04 5.258e-05 4.343e-04 -1.000 1.000e-03 0.193 0.956 0.965 0.355 -0.051 -0.435 -0.944 -1.356 -1.413
0.001 -1.19029 10.11394 0.8034206033 2.4199149609    0.727  1.865  3.7308  2.309    4  0.000  0.518     0.00     0.00     0.00     0.00     0.00 -1    -1e-30      0.00 7.405e-01 2.585e-01 1.687e-04 5.258e-05 4.343e-04 -1.000 1.000e-03 0.106 0.920 0.911 0.280 -0.137 -0.530 -1.052 -1.476 -1.535
0.001 -1.19029 10.11394 0.8034353852 2.4199199677    0.727  1.902  3.7256  2.252    4  0.000  0.518     0.00     0.00     0.00     0.00     0.00 -1    -1e-30      0.00 7.405e-01 2.585e-01 1.687e-04 5.258e-05 4.343e-04 -1.000 9.999e-04 0.015 0.885 0.854 0.201 -0.226 -0.628 -1.165 -1.601 -1.663
0.001 -1.19029 10.11394 0.8034417033 2.4199223518    0.727  1.936  3.7211  2.200    4  0.000  0.518     0.00     0.00     0.00     0.00     0.00 -1    -1e-30      0.00 7.405e-01 2.585e-01 1.687e-04 5.258e-05 4.343e-04 -1.000 1.000e-03 -0.070 0.850 0.800 0.127 -0.309 -0.719 -1.269 -1.716 -1.779
0.001 -1.19029 10.11394 0.8034448624 2.4199233055    0.727  1.971  3.7168  2.148    4  0.000  0.518     0.00     0.00     0.00     0.00     0.00 -1    -1e-30      0.00 7.405e-01 2.585e-01 1.687e-04 5.258e-05 4.343e-04 -1.000 1.000e-03 -0.157 0.815 0.744 0.051 -0.394 -0.811 -1.374 -1.832 -1.897
0.001 -1.19029 10.11394 0.8034464121 2.4199237823    0.727  2.002  3.7131  2.102    4  0.000  0.518     0.00     0.00     0.00     0.00     0.00 -1    -1e-30      0.00 7.405e-01 2.585e-01 1.687e-04 5.258e-05 4.343e-04 -1.000 1.000e-03 -0.236 0.782 0.693 -0.017 -0.470 -0.894 -1.467 -1.935 -2.001
0.001 -1.19029 10.11394 0.8034473658 2.4199242592    0.727  2.031  3.7100  2.061    4  0.000  0.518     0.00     0.00     0.00     0.00     0.00 -1    -1e-30      0.00 7.405e-01 2.585e-01 1.687e-04 5.258e-05 4.343e-04 -1.000 1.000e-03 -0.307 0.750 0.645 -0.079 -0.539 -0.968 -1.551 -2.027 -2.094
0.001 -1.19029 10.11394 0.8034476042 2.4199242592    0.727  2.040  3.7090  2.048    7  0.000  0.518     0.00     0.00     0.00     0.00     0.00 -1 -1.03e-09      0.00 7.405e-01 2.569e-01 1.687e-04 5.258e-05 4.343e-04 -1.000 2.600e-03 -0.329 0.740 0.630 -0.098 -0.560 -0.992 -1.577 -2.056 -2.124
0.001 -1.19029 10.11394 0.8034476638 2.4199242592    0.727  2.041  3.7089  2.047    7  0.000  0.518     0.00     0.00     0.00     0.00     0.00 -1 -1.04e-09      0.00 7.405e-01 2.569e-01 1.687e-04 5.258e-05 4.343e-04 -1.000 2.600e-03 -0.332 0.739 0.629 -0.100 -0.562 -0.994 -1.580 -2.059 -2.126
0.001 -1.19029 10.11394 0.8034484982 2.4199247360    0.727  2.080  3.7050  1.992    7  0.000  0.518     0.00     0.00     0.00     0.00     0.00 -1 -1.32e-09      0.00 7.405e-01 2.569e-01 1.687e-04 5.258e-05 4.343e-04 -1.000 2.600e-03 -0.430 0.695 0.561 -0.186 -0.657 -1.096 -1.694 -2.183 -2.252
0.001 -1.19029 10.11394 0.8034493327 2.4199249744    0.727  2.119  3.7013  1.938    7  0.000  0.518     0.00     0.00     0.00     0.00     0.00 -1 -1.66e-09      0.00 7.405e-01 2.569e-01 1.687e-04 5.258e-05 4.343e-04 -1.000 2.600e-03 -0.526 0.654 0.496 -0.270 -0.750 -1.195 -1.805 -2.304 -2.374
0.001 -1.19029 10.11394 0.8034501076 2.4199252129    0.727  2.153  3.6981  1.891    7  0.000  0.518     0.00     0.00     0.00     0.00     0.00 -1 -2.03e-09      0.00 7.405e-01 2.569e-01 1.687e-04 5.258e-05 4.343e-04 -1.000 2.600e-03 -0.613 0.619 0.437 -0.345 -0.833 -1.284 -1.904 -2.412 -2.484
0.001 -1.19029 10.11394 0.8034509420 2.4199254513    0.727  2.167  3.6968  1.871    7  0.000  0.518     0.00     0.00     0.00     0.00     0.00 -1 -2.19e-09      0.00 7.405e-01 2.569e-01 1.687e-04 5.258e-05 4.343e-04 -1.000 2.600e-03 -0.649 0.605 0.413 -0.376 -0.867 -1.321 -1.945 -2.457 -2.529
0.001 -1.19029 10.11394 0.8034521937 2.4199259281    0.727  2.183  3.6955  1.851    7  0.000  0.518     0.00     0.00     0.00     0.00     0.00 -1 -2.38e-09      0.00 7.405e-01 2.569e-01 1.687e-04 5.258e-05 4.343e-04 -1.000 2.600e-03 -0.687 0.589 0.387 -0.409 -0.903 -1.360 -1.988 -2.504 -2.577
0.001 -1.19029 10.11394 0.8034544587 2.4199266434    0.727  2.146  3.6988  1.900    7  0.000  0.518     0.00     0.00     0.00     0.00     0.00 -1 -1.94e-09      0.00 7.405e-01 2.569e-01 1.687e-04 5.258e-05 4.343e-04 -1.000 2.600e-03 -0.596 0.624 0.448 -0.331 -0.817 -1.267 -1.884 -2.390 -2.462
0.001 -1.19029 10.11394 0.8034580946 2.4199278355    0.726  2.137  3.6997  1.913    7  0.000  0.518     0.00     0.00     0.00     0.00     0.00 -1 -1.83e-09      0.00 7.405e-01 2.569e-01 1.687e-04 5.258e-05 4.343e-04 -1.000 2.600e-03 -0.572 0.634 0.464 -0.310 -0.794 -1.242 -1.857 -2.361 -2.432
0.001 -1.19029 10.11394 0.8034808040 2.4199357033    0.724  2.141  3.6993  1.906    7  0.000  0.518     0.00     0.00     0.00     0.00     0.00 -1 -1.88e-09      0.00 7.405e-01 2.569e-01 1.687e-04 5.258e-05 4.343e-04 -1.000 2.600e-03 -0.581 0.632 0.459 -0.318 -0.803 -1.252 -1.868 -2.373 -2.444
0.001 -1.19029 10.11394 0.8034972548 2.4199414253    0.722  2.174  3.6961  1.859    7  0.000  0.518     0.00     0.00     0.00     0.00     0.00 -1 -2.32e-09      0.00 7.405e-01 2.569e-01 1.687e-04 5.258e-05 4.343e-04 -1.000 2.600e-03 -0.665 0.600 0.403 -0.390 -0.882 -1.338 -1.964 -2.478 -2.550
0.001 -1.19029 10.11394 0.8035146594 2.4199476242    0.720  2.220  3.6918  1.794    7  0.000  0.518     0.00     0.00     0.00     0.00     0.00 -1  -3.1e-09      0.00 7.405e-01 2.569e-01 1.687e-04 5.258e-05 4.343e-04 -1.000 2.600e-03 -0.780 0.558 0.327 -0.489 -0.992 -1.456 -2.097 -2.624 -2.697
0.001 -1.19029 10.11394 0.8035315871 2.4199533463    0.717  2.270  3.6872  1.724    7  0.000  0.518     0.00     0.00     0.00     0.00     0.00 -1 -4.15e-09      0.00 7.405e-01 2.569e-01 1.687e-04 5.258e-05 4.343e-04 -1.000 2.600e-03 -0.906 0.514 0.246 -0.595 -1.110 -1.583 -2.240 -2.781 -2.856
0.001 -1.19029 10.11394 0.8035463691 2.4199585915    0.713  2.313  3.6835  1.664    7  0.000  0.518     0.00     0.00     0.00     0.00     0.00 -1 -5.35e-09      0.00 7.405e-01 2.569e-01 1.687e-04 5.258e-05 4.343e-04 -1.000 2.600e-03 -1.013 0.518 0.189 -0.691 -1.217 -1.695 -2.364 -2.915 -2.988
0.001 -1.19029 10.11394 0.8035594821 2.4199631214    0.709  2.354  3.6799  1.606    7  0.000  0.518     0.00     0.00     0.00     0.00     0.00 -1 -6.89e-09      0.00 7.405e-01 2.569e-01 1.687e-04 5.258e-05 4.343e-04 -1.000 2.597e-03 -1.115 0.518 0.135 -0.782 -1.319 -1.803 -2.483 -3.043 -3.115
0.001 -1.19029 10.11394 0.8035709262 2.4199669361    0.705  2.394  3.6764  1.550    7  0.000  0.518     0.00     0.00     0.00     0.00     0.00 -1 -8.82e-09      0.00 7.405e-01 2.570e-01 1.686e-04 5.258e-05 4.343e-04 -1.000 2.527e-03 -1.216 0.520 0.084 -0.868 -1.416 -1.906 -2.598 -3.166 -3.238
0.001 -1.19029 10.11394 0.8035810590 2.4199705124    0.699  2.433  3.6731  1.494    7  0.000  0.518     0.00     0.00     0.00     0.00     0.00 -1 -1.12e-08      0.00 7.405e-01 2.570e-01 1.686e-04 5.260e-05 4.343e-04 -1.000 2.500e-03 -1.313 0.480 0.020 -0.946 -1.503 -2.001 -2.706 -3.285 -3.359
0.001 -1.19029 10.11394 0.8035900593 2.4199736118    0.694  2.472  3.6698  1.438    7  0.000  0.517     0.00     0.00     0.00     0.00     0.00 -1 -1.42e-08      0.00 7.405e-01 2.570e-01 1.684e-04 5.266e-05 4.343e-04 -1.000 2.498e-03 -1.410 0.490 -0.025 -1.026 -1.596 -2.100 -2.816 -3.404 -3.478
0.001 -1.19029 10.11394 0.8035982251 2.4199764729    0.687  2.510  3.6665  1.382    7  0.000  0.515     0.00     0.00     0.00     0.00     0.00 -1 -1.82e-08      0.00 7.405e-01 2.571e-01 1.678e-04 5.299e-05 4.343e-04 -1.000 2.441e-03 -1.506 0.509 -0.066 -1.104 -1.686 -2.197 -2.925 -3.521 -3.595
0.001 -1.19029 10.11394 0.8036057353 2.4199790955    0.679  2.549  3.6630  1.325    7  0.000  0.511     0.00     0.00     0.00     0.00     0.00 -1 -2.33e-08      0.00 7.405e-01 2.571e-01 1.663e-04 5.425e-05 4.343e-04 -1.000 2.400e-03 -1.602 0.540 -0.101 -1.180 -1.776 -2.294 -3.035 -3.639 -3.714
0.001 -1.19029 10.11394 0.8036110401 2.4199810028    0.672  2.578  3.6588  1.275    7  0.000  0.505     0.00     0.00     0.00     0.00     0.00 -1 -2.82e-08      0.00 7.405e-01 2.571e-01 1.646e-04 5.604e-05 4.343e-04 -1.000 2.391e-03 -1.674 0.622 -0.098 -1.227 -1.839 -2.366 -3.123 -3.738 -3.814
0.001 -1.19029 10.11394 0.8036175966 2.4199831486    0.661  2.616  3.6505  1.197    7  0.000  0.496     0.00     0.00     0.00     0.00     0.00 -1 -3.69e-08      0.00 7.405e-01 2.572e-01 1.615e-04 5.963e-05 4.343e-04 -1.000 2.303e-03 -1.769 0.766 -0.069 -1.263 -1.904 -2.451 -3.242 -3.884 -3.966
0.001 -1.19029 10.11394 0.8036237955 2.4199852943    0.648  2.654  3.6475  1.137    7  0.000  0.486     0.00     0.00     0.00     0.00     0.00 -1  -4.8e-08      0.00 7.405e-01 2.572e-01 1.584e-04 6.341e-05 4.343e-04 -1.000 2.300e-03 -1.866 0.773 -0.114 -1.336 -1.988 -2.543 -3.348 -3.999 -4.083
0.001 -1.19029 10.11394 0.8036297560 2.4199874401    0.630  2.693  3.6446  1.075    7  0.000  0.478     0.00     0.00     0.00     0.00     0.00 -1 -6.39e-08      0.00 7.404e-01 2.573e-01 1.556e-04 6.676e-05 4.343e-04 -1.000 2.300e-03 -1.962 0.781 -0.159 -1.408 -2.073 -2.636 -3.453 -4.113 -4.199
0.001 -1.19029 10.11394 0.8036355972 2.4199893475    0.608  2.732  3.6424  1.011    7  0.000  0.470     0.00     0.00     0.00     0.00     0.00 -1 -8.71e-08      0.00 7.404e-01 2.573e-01 1.532e-04 6.974e-05 4.343e-04 -1.000 2.296e-03 -2.059 0.779 -0.211 -1.485 -2.161 -2.731 -3.558 -4.225 -4.312
0.001 -1.19029 10.11394 0.8036410213 2.4199912548    0.579  2.769  3.6420  0.951    7  0.000  0.464     0.00     0.00     0.00     0.00     0.00 -1 -1.23e-07      0.00 7.404e-01 2.574e-01 1.512e-04 7.220e-05 4.343e-04 -1.000 2.227e-03 -2.153 0.743 -0.280 -1.571 -2.253 -2.826 -3.655 -4.322 -4.410
0.001 -1.19029 10.11394 0.8036458492 2.4199929237    0.542  2.806  3.6475  0.908    7  0.000  0.459     0.00     0.00     0.00     0.00     0.00 -1 -1.76e-07      0.00 7.403e-01 2.574e-01 1.494e-04 7.437e-05 4.343e-04 -1.000 2.259e-03 -2.246 0.556 -0.431 -1.702 -2.371 -2.932 -3.739 -4.384 -4.468
0.001 -1.19029 10.11394 0.8036481142 2.4199936390    0.510  2.825  3.6580  0.905    7  0.000  0.455     0.00     0.00     0.00     0.00     0.00 -1 -2.09e-07      0.00 7.403e-01 2.575e-01 1.482e-04 7.590e-05 4.342e-04 -1.000 2.204e-03 -2.292 0.269 -0.612 -1.822 -2.460 -2.998 -3.760 -4.368 -4.445
0.001 -1.19029 10.11394 1.0934827328 2.4905769825    0.546 -4.621  3.5524  7.958    9  0.546  0.000     0.00     0.00     0.00     0.00     0.00 -1    -1e-30      0.00 7.277e-01 2.714e-01 1.348e-04 1.063e-04 4.391e-04 -1.000 9.460e-04 16.323 21.007 19.423 17.763 16.627 15.593 14.563 14.047 13.896
