#	Isochrone	Z = 0.00100		Age = 	6.310e+07 yr
# log(age/yr)	M_ini	M_act	logL/Lo	logTe	logG	Mv	U-B	B-V	V-I	stage
	7.80	5.5365	5.532	3.206	4.301	4.12	-1.233	-0.765	-0.207	-0.210	 TO       
	7.80	6.1784	6.169	3.501	4.277	3.78	-2.120	-0.739	-0.199	-0.194	 Te-m     
	7.80	6.2308	6.221	3.572	4.322	3.90	-2.021	-0.807	-0.220	-0.220	 Te-M     
	7.80	6.2402	6.231	3.663	4.064	2.77	-3.747	-0.371	-0.102	-0.053	 L-M      
	7.80	6.2438	6.234	3.536	3.708	1.48	-3.831	0.251	0.799	0.921	 RGBb     
	7.80	6.2479	6.237	3.782	3.678	1.11	-4.322	0.511	0.992	1.061	 RGBt     
	7.80	6.3180	6.287	3.746	3.690	1.20	-4.284	0.410	0.916	1.007	 BHeb     
	7.80	6.4569	6.404	3.895	4.013	2.35	-4.578	-0.278	-0.073	-0.009	 Te-M     
	7.80	6.5204	6.458	3.913	3.677	0.99	-4.644	0.539	1.008	1.069	 EHeb     
	7.80	6.5284	6.456	4.369	3.641	0.39	-5.521	1.095	1.302	1.297	 Cb       
#	Isochrone	Z = 0.00100		Age = 	7.079e+07 yr
# log(age/yr)	M_ini	M_act	logL/Lo	logTe	logG	Mv	U-B	B-V	V-I	stage
	7.85	5.2081	5.203	3.117	4.287	4.13	-1.090	-0.740	-0.201	-0.204	 TO       
	7.85	5.8030	5.795	3.405	4.264	3.80	-1.951	-0.715	-0.190	-0.186	 Te-m     
	7.85	5.8515	5.843	3.475	4.310	3.92	-1.854	-0.787	-0.214	-0.214	 Te-M     
	7.85	5.8605	5.852	3.565	4.065	2.85	-3.495	-0.367	-0.102	-0.057	 L-M      
	7.85	5.8642	5.855	3.433	3.711	1.56	-3.581	0.226	0.782	0.909	 RGBb     
	7.85	5.8680	5.858	3.682	3.682	1.20	-4.086	0.472	0.965	1.044	 RGBt     
	7.85	5.9337	5.906	3.643	3.693	1.28	-4.041	0.376	0.894	0.992	 BHeb     
	7.85	6.0686	6.021	3.802	4.006	2.39	-4.383	-0.252	-0.071	-0.007	 Te-M     
	7.85	6.1336	6.077	3.811	3.682	1.08	-4.407	0.492	0.975	1.048	 EHeb     
	7.85	6.1417	6.075	4.326	3.641	0.41	-5.415	1.087	1.298	1.294	 Cb       
#	Isochrone	Z = 0.00100		Age = 	7.943e+07 yr
# log(age/yr)	M_ini	M_act	logL/Lo	logTe	logG	Mv	U-B	B-V	V-I	stage
	7.90	4.9016	4.897	3.028	4.274	4.14	-0.946	-0.716	-0.193	-0.196	 TO       
	7.90	5.4588	5.451	3.312	4.251	3.81	-1.792	-0.690	-0.182	-0.178	 Te-m     
	7.90	5.5055	5.497	3.383	4.297	3.93	-1.700	-0.766	-0.208	-0.208	 Te-M     
	7.90	5.5143	5.506	3.470	4.064	2.91	-3.265	-0.358	-0.102	-0.059	 L-M      
	7.90	5.5182	5.510	3.335	3.713	1.64	-3.345	0.206	0.769	0.900	 RGBb     
	7.90	5.5218	5.512	3.588	3.684	1.27	-3.865	0.440	0.944	1.030	 RGBt     
	7.90	5.5883	5.563	3.548	3.696	1.36	-3.816	0.344	0.875	0.978	 BHeb     
	7.90	5.7193	5.675	3.715	3.996	2.41	-4.216	-0.217	-0.065	-0.002	 Te-M     
	7.90	5.7795	5.727	3.715	3.685	1.17	-4.184	0.452	0.948	1.030	 EHeb     
	7.90	5.7875	5.723	4.343	3.636	0.34	-5.418	1.164	1.337	1.326	 Cb       
#	Isochrone	Z = 0.00100		Age = 	8.913e+07 yr
# log(age/yr)	M_ini	M_act	logL/Lo	logTe	logG	Mv	U-B	B-V	V-I	stage
	7.95	4.6251	4.621	2.943	4.261	4.15	-0.811	-0.694	-0.182	-0.187	 TO       
	7.95	5.1350	5.128	3.219	4.238	3.83	-1.633	-0.665	-0.177	-0.173	 Te-m     
	7.95	5.1799	5.172	3.291	4.285	3.95	-1.544	-0.744	-0.203	-0.202	 Te-M     
	7.95	5.1885	5.181	3.375	4.063	2.98	-3.034	-0.349	-0.101	-0.060	 L-M      
	7.95	5.1926	5.185	3.238	3.715	1.72	-3.108	0.186	0.757	0.890	 RGBb     
	7.95	5.1960	5.187	3.495	3.687	1.35	-3.645	0.408	0.923	1.017	 RGBt     
	7.95	5.2629	5.240	3.453	3.698	1.44	-3.590	0.313	0.856	0.964	 BHeb     
	7.95	5.3934	5.352	3.629	3.985	2.43	-4.055	-0.176	-0.059	0.006	 Te-M     
	7.95	5.4511	5.402	3.623	3.688	1.25	-3.969	0.416	0.923	1.014	 EHeb     
	7.95	5.4594	5.395	4.398	3.629	0.23	-5.484	1.295	1.403	1.383	 Cb       
#	Isochrone	Z = 0.00100		Age = 	1.000e+08 yr
# log(age/yr)	M_ini	M_act	logL/Lo	logTe	logG	Mv	U-B	B-V	V-I	stage
	8.00	4.3544	4.350	2.854	4.247	4.16	-0.666	-0.668	-0.174	-0.179	 TO       
	8.00	4.8389	4.832	3.128	4.225	3.84	-1.484	-0.640	-0.171	-0.168	 Te-m     
	8.00	4.8800	4.873	3.201	4.272	3.96	-1.393	-0.721	-0.195	-0.194	 Te-M     
	8.00	4.8881	4.881	3.282	4.061	3.03	-2.818	-0.336	-0.100	-0.060	 L-M      
	8.00	4.8920	4.884	3.142	3.718	1.80	-2.877	0.163	0.742	0.879	 RGBb     
	8.00	4.8952	4.887	3.405	3.690	1.43	-3.429	0.378	0.905	1.004	 RGBt     
	8.00	4.9591	4.938	3.359	3.701	1.52	-3.365	0.285	0.837	0.951	 BHeb     
	8.00	5.0860	5.048	3.542	3.975	2.44	-3.888	-0.133	-0.056	0.015	 Te-M     
	8.00	5.1414	5.096	3.531	3.692	1.33	-3.755	0.380	0.900	0.997	 EHeb     
	8.00	5.1498	5.087	4.453	3.621	0.12	-5.536	1.413	1.446	1.446	 Cb       
#	Isochrone	Z = 0.00100		Age = 	1.122e+08 yr
# log(age/yr)	M_ini	M_act	logL/Lo	logTe	logG	Mv	U-B	B-V	V-I	stage
	8.05	4.1053	4.101	2.768	4.234	4.16	-0.529	-0.641	-0.168	-0.172	 TO       
	8.05	4.5659	4.559	3.040	4.212	3.85	-1.343	-0.614	-0.166	-0.161	 Te-m     
	8.05	4.6060	4.599	3.115	4.260	3.97	-1.250	-0.699	-0.184	-0.184	 Te-M     
	8.05	4.6138	4.607	3.193	4.055	3.07	-2.622	-0.319	-0.097	-0.058	 L-M      
	8.05	4.6178	4.611	3.050	3.721	1.88	-2.658	0.138	0.724	0.865	 RGBb     
	8.05	4.6209	4.613	3.318	3.692	1.50	-3.224	0.351	0.888	0.992	 RGBt     
	8.05	4.6871	4.667	3.271	3.704	1.60	-3.154	0.260	0.819	0.937	 BHeb     
	8.05	4.8054	4.770	3.458	3.961	2.45	-3.735	-0.080	-0.045	0.026	 Te-M     
	8.05	4.8563	4.814	3.445	3.694	1.40	-3.550	0.349	0.881	0.984	 EHeb     
	8.05	4.8640	4.805	4.380	3.623	0.18	-5.382	1.372	1.430	1.424	 1TP      
	8.05	4.8840	4.310	4.716	3.597	-0.31	-5.949	1.656	1.515	1.618	 AGBt
#	Isochrone	Z = 0.00100		Age = 	1.259e+08 yr
# log(age/yr)	M_ini	M_act	logL/Lo	logTe	logG	Mv	U-B	B-V	V-I	stage
	8.10	3.8743	3.871	2.683	4.220	4.17	-0.398	-0.614	-0.163	-0.166	 TO       
	8.10	4.3056	4.299	2.951	4.198	3.86	-1.200	-0.588	-0.160	-0.154	 Te-m     
	8.10	4.3450	4.338	3.028	4.247	3.98	-1.107	-0.674	-0.177	-0.177	 Te-M     
	8.10	4.3526	4.346	3.102	4.050	3.12	-2.421	-0.303	-0.093	-0.056	 L-M      
	8.10	4.3568	4.350	2.956	3.724	1.96	-2.430	0.121	0.711	0.855	 RGBb     
	8.10	4.3600	4.353	3.233	3.694	1.57	-3.019	0.327	0.874	0.980	 RGBt     
	8.10	4.4287	4.410	3.182	3.707	1.67	-2.941	0.237	0.802	0.925	 BHeb     
	8.10	4.5439	4.510	3.374	3.946	2.45	-3.581	-0.023	-0.033	0.038	 Te-M     
	8.10	4.5930	4.553	3.363	3.696	1.46	-3.354	0.324	0.866	0.973	 EHeb     
	8.10	4.6001	4.547	4.176	3.636	0.41	-5.000	1.151	1.329	1.321	 1TP      
	8.10	4.6177	4.016	4.710	3.595	-0.34	-5.915	1.663	1.518	1.637	 AGBt
#	Isochrone	Z = 0.00100		Age = 	1.413e+08 yr
# log(age/yr)	M_ini	M_act	logL/Lo	logTe	logG	Mv	U-B	B-V	V-I	stage
	8.15	3.6642	3.661	2.602	4.207	4.17	-0.277	-0.588	-0.158	-0.161	 TO       
	8.15	4.0593	4.054	2.862	4.185	3.87	-1.055	-0.563	-0.154	-0.145	 Te-m     
	8.15	4.0973	4.091	2.940	4.233	3.99	-0.962	-0.647	-0.172	-0.171	 Te-M     
	8.15	4.1046	4.098	3.011	4.045	3.17	-2.216	-0.287	-0.089	-0.053	 L-M      
	8.15	4.1090	4.103	2.862	3.726	2.04	-2.198	0.107	0.701	0.847	 RGBb     
	8.15	4.1121	4.105	3.148	3.696	1.63	-2.816	0.305	0.860	0.970	 RGBt     
	8.15	4.1813	4.164	3.092	3.709	1.75	-2.722	0.217	0.789	0.916	 BHeb     
	8.15	4.2978	4.266	3.291	3.933	2.46	-3.415	0.022	-0.017	0.054	 Te-M     
	8.15	4.3441	4.306	3.280	3.699	1.53	-3.158	0.300	0.851	0.961	 EHeb     
	8.15	4.3512	4.298	4.145	3.634	0.41	-4.913	1.168	1.337	1.328	 1TP      
	8.15	4.3671	3.690	4.703	3.592	-0.39	-5.872	1.673	1.521	1.661	 AGBt
#	Isochrone	Z = 0.00100		Age = 	1.585e+08 yr
# log(age/yr)	M_ini	M_act	logL/Lo	logTe	logG	Mv	U-B	B-V	V-I	stage
	8.20	3.3506	3.348	2.448	4.194	4.24	0.030	-0.562	-0.150	-0.153	 TO       
	8.20	3.8362	3.831	2.776	4.171	3.88	-0.917	-0.538	-0.147	-0.137	 Te-m     
	8.20	3.8710	3.865	2.856	4.220	4.00	-0.830	-0.621	-0.166	-0.166	 Te-M     
	8.20	3.8775	3.872	2.922	4.042	3.22	-2.008	-0.276	-0.086	-0.051	 L-M      
	8.20	3.8818	3.876	2.770	3.728	2.11	-1.972	0.094	0.690	0.839	 RGBb     
	8.20	3.8849	3.878	3.067	3.698	1.70	-2.623	0.283	0.847	0.960	 RGBt     
	8.20	3.9509	3.934	3.002	3.711	1.82	-2.505	0.198	0.777	0.906	 BHeb     
	8.20	4.0653	4.035	3.209	3.921	2.47	-3.241	0.061	0.001	0.078	 Te-M     
	8.20	4.1088	4.072	3.197	3.701	1.60	-2.959	0.278	0.836	0.950	 EHeb     
	8.20	4.1162	4.059	4.227	3.624	0.26	-5.015	1.341	1.414	1.409	 1TP      
	8.20	4.1310	3.349	4.695	3.588	-0.43	-5.820	1.686	1.525	1.692	 AGBt
#	Isochrone	Z = 0.00100		Age = 	1.778e+08 yr
# log(age/yr)	M_ini	M_act	logL/Lo	logTe	logG	Mv	U-B	B-V	V-I	stage
	8.25	3.1750	3.172	2.369	4.181	4.24	0.150	-0.539	-0.143	-0.143	 TO       
	8.25	3.6281	3.623	2.690	4.158	3.88	-0.784	-0.511	-0.139	-0.128	 Te-m     
	8.25	3.6619	3.656	2.774	4.207	4.00	-0.706	-0.596	-0.161	-0.161	 Te-M     
	8.25	3.6680	3.662	2.835	4.041	3.28	-1.798	-0.267	-0.084	-0.050	 L-M      
	8.25	3.6725	3.667	2.680	3.730	2.19	-1.751	0.081	0.679	0.831	 RGBb     
	8.25	3.6758	3.670	2.989	3.700	1.76	-2.436	0.263	0.834	0.950	 RGBt     
	8.25	3.7438	3.728	2.916	3.713	1.89	-2.298	0.177	0.764	0.897	 BHeb     
	8.25	3.8522	3.823	3.128	3.910	2.48	-3.064	0.093	0.023	0.109	 Te-M     
	8.25	3.8913	3.857	3.113	3.703	1.67	-2.756	0.256	0.820	0.939	 EHeb     
	8.25	3.8984	3.840	4.260	3.617	0.18	-5.021	1.438	1.447	1.462	 1TP      
	8.25	3.9110	2.716	4.667	3.585	-0.51	-5.725	1.696	1.529	1.717	 AGBt
#	Isochrone	Z = 0.00100		Age = 	1.995e+08 yr
# log(age/yr)	M_ini	M_act	logL/Lo	logTe	logG	Mv	U-B	B-V	V-I	stage
	8.30	3.0087	3.006	2.291	4.168	4.24	0.271	-0.513	-0.136	-0.136	 TO       
	8.30	3.4337	3.429	2.607	4.145	3.89	-0.655	-0.483	-0.131	-0.119	 Te-m     
	8.30	3.4652	3.460	2.693	4.195	4.01	-0.577	-0.573	-0.156	-0.153	 Te-M     
	8.30	3.4706	3.465	2.748	4.038	3.33	-1.595	-0.256	-0.082	-0.048	 L-M      
	8.30	3.4753	3.470	2.591	3.732	2.26	-1.531	0.068	0.669	0.823	 RGBb     
	8.30	3.4786	3.473	2.912	3.702	1.82	-2.250	0.246	0.822	0.942	 RGBt     
	8.30	3.5475	3.532	2.830	3.716	1.96	-2.091	0.157	0.751	0.887	 BHeb     
	8.30	3.6529	3.625	3.046	3.898	2.49	-2.880	0.116	0.052	0.143	 Te-M     
	8.30	3.6898	3.657	3.026	3.706	1.74	-2.548	0.233	0.804	0.927	 EHeb     
	8.30	3.6968	3.638	4.239	3.615	0.16	-4.940	1.471	1.456	1.481	 1TP      
	8.30	3.7072	1.884	4.613	3.582	-0.63	-5.569	1.704	1.531	1.737	 AGBt
#	Isochrone	Z = 0.00100		Age = 	2.239e+08 yr
# log(age/yr)	M_ini	M_act	logL/Lo	logTe	logG	Mv	U-B	B-V	V-I	stage
	8.35	2.8488	2.846	2.207	4.155	4.25	0.406	-0.485	-0.129	-0.130	 TO       
	8.35	3.2539	3.249	2.525	4.131	3.89	-0.532	-0.448	-0.123	-0.114	 Te-m     
	8.35	3.2832	3.278	2.613	4.182	4.01	-0.450	-0.550	-0.152	-0.144	 Te-M     
	8.35	3.2883	3.283	2.664	4.031	3.36	-1.422	-0.232	-0.078	-0.044	 L-M      
	8.35	3.2931	3.288	2.502	3.733	2.33	-1.312	0.057	0.661	0.817	 RGBb     
	8.35	3.2967	3.291	2.841	3.703	1.87	-2.078	0.233	0.814	0.936	 RGBt     
	8.35	3.3649	3.351	2.741	3.718	2.04	-1.875	0.136	0.738	0.877	 BHeb     
	8.35	3.4652	3.439	2.966	3.891	2.52	-2.684	0.127	0.076	0.166	 Te-M     
	8.35	3.4988	3.468	2.940	3.709	1.82	-2.341	0.210	0.789	0.916	 EHeb     
	8.35	3.5056	3.448	4.218	3.612	0.15	-4.860	1.504	1.466	1.500	 1TP      
	8.35	3.5139	1.307	4.559	3.580	-0.74	-5.413	1.712	1.534	1.756	 AGBt
#	Isochrone	Z = 0.00100		Age = 	2.512e+08 yr
# log(age/yr)	M_ini	M_act	logL/Lo	logTe	logG	Mv	U-B	B-V	V-I	stage
	8.40	2.7054	2.703	2.129	4.142	4.26	0.527	-0.456	-0.123	-0.123	 TO       
	8.40	3.0834	3.079	2.443	4.117	3.90	-0.410	-0.413	-0.114	-0.109	 Te-m     
	8.40	3.1108	3.106	2.533	4.169	4.02	-0.325	-0.525	-0.145	-0.135	 Te-M     
	8.40	3.1156	3.111	2.579	4.024	3.39	-1.251	-0.207	-0.074	-0.040	 L-M      
	8.40	3.1205	3.115	2.414	3.735	2.40	-1.093	0.046	0.654	0.811	 RGBb     
	8.40	3.1244	3.119	2.771	3.704	1.92	-1.905	0.220	0.806	0.930	 RGBt     
	8.40	3.1929	3.179	2.650	3.721	2.12	-1.654	0.117	0.723	0.867	 BHeb     
	8.40	3.2920	3.268	2.890	3.897	2.60	-2.485	0.117	0.062	0.149	 Te-M     
	8.40	3.3253	3.297	2.845	3.714	1.91	-2.122	0.172	0.761	0.894	 EHeb     
	8.40	3.3318	3.277	4.172	3.613	0.18	-4.754	1.490	1.460	1.492	 1TP      
	8.40	3.3387	1.230	4.528	3.579	-0.74	-5.330	1.714	1.535	1.761	 AGBt
#	Isochrone	Z = 0.00100		Age = 	2.818e+08 yr
# log(age/yr)	M_ini	M_act	logL/Lo	logTe	logG	Mv	U-B	B-V	V-I	stage
	8.45	2.5693	2.567	2.051	4.130	4.26	0.646	-0.426	-0.115	-0.118	 TO       
	8.45	2.9250	2.921	2.363	4.103	3.90	-0.283	-0.381	-0.111	-0.102	 Te-m     
	8.45	2.9498	2.945	2.454	4.156	4.02	-0.203	-0.500	-0.136	-0.127	 Te-M     
	8.45	2.9541	2.949	2.496	4.016	3.42	-1.085	-0.179	-0.067	-0.036	 L-M      
	8.45	2.9588	2.954	2.327	3.736	2.47	-0.879	0.035	0.646	0.804	 RGBb     
	8.45	2.9628	2.958	2.703	3.706	1.97	-1.740	0.208	0.799	0.925	 RGBt     
	8.45	3.0296	3.017	2.559	3.724	2.20	-1.432	0.102	0.709	0.856	 BHeb     
	8.45	3.1274	3.105	2.813	3.904	2.68	-2.285	0.108	0.049	0.131	 Te-M     
	8.45	3.1605	3.134	2.751	3.719	2.00	-1.904	0.135	0.735	0.874	 EHeb     
	8.45	3.1669	3.115	4.126	3.613	0.21	-4.648	1.475	1.454	1.484	 1TP      
	8.45	3.1728	1.187	4.499	3.578	-0.73	-5.253	1.716	1.535	1.765	 AGBt
#	Isochrone	Z = 0.00100		Age = 	3.162e+08 yr
# log(age/yr)	M_ini	M_act	logL/Lo	logTe	logG	Mv	U-B	B-V	V-I	stage
	8.50	2.4420	2.440	1.973	4.117	4.27	0.767	-0.397	-0.107	-0.112	 TO       
	8.50	2.7778	2.774	2.283	4.090	3.90	-0.156	-0.351	-0.107	-0.094	 Te-m     
	8.50	2.8015	2.797	2.377	4.144	4.03	-0.084	-0.473	-0.128	-0.120	 Te-M     
	8.50	2.8056	2.801	2.415	4.006	3.44	-0.933	-0.146	-0.058	-0.032	 L-M      
	8.50	2.8104	2.806	2.244	3.739	2.54	-0.677	0.023	0.637	0.797	 RGBb     
	8.50	2.8151	2.810	2.644	3.707	2.01	-1.595	0.200	0.794	0.921	 RGBt     
	8.50	2.8748	2.863	2.457	3.726	2.29	-1.182	0.085	0.695	0.845	 BHeb     
	8.50	2.9714	2.951	2.735	3.906	2.74	-2.084	0.105	0.047	0.125	 Te-M     
	8.50	3.0038	2.979	2.657	3.724	2.10	-1.680	0.108	0.708	0.854	 EHeb     
	8.50	3.0102	2.961	4.079	3.614	0.23	-4.542	1.459	1.447	1.475	 1TP      
	8.50	3.0152	1.145	4.469	3.578	-0.72	-5.176	1.717	1.536	1.769	 AGBt
#	Isochrone	Z = 0.00100		Age = 	3.548e+08 yr
# log(age/yr)	M_ini	M_act	logL/Lo	logTe	logG	Mv	U-B	B-V	V-I	stage
	8.55	2.3283	2.326	1.899	4.105	4.27	0.882	-0.365	-0.102	-0.105	 TO       
	8.55	2.6381	2.634	2.204	4.077	3.91	-0.031	-0.320	-0.100	-0.086	 Te-m     
	8.55	2.6607	2.656	2.300	4.132	4.04	0.035	-0.442	-0.120	-0.116	 Te-M     
	8.55	2.6646	2.660	2.335	3.997	3.46	-0.780	-0.112	-0.049	-0.026	 L-M      
	8.55	2.6694	2.665	2.162	3.741	2.61	-0.474	0.012	0.629	0.790	 RGBb     
	8.55	2.6747	2.670	2.585	3.707	2.06	-1.450	0.192	0.789	0.918	 RGBt     
	8.55	2.7278	2.718	2.352	3.729	2.38	-0.926	0.068	0.681	0.834	 BHeb     
	8.55	2.8242	2.806	2.650	3.889	2.74	-1.885	0.120	0.094	0.179	 Te-M     
	8.55	2.8639	2.840	2.598	3.724	2.13	-1.532	0.106	0.709	0.855	 EHeb     
	8.55	2.8697	2.823	4.019	3.616	0.28	-4.417	1.424	1.435	1.456	 1TP      
	8.55	2.8741	1.110	4.444	3.577	-0.70	-5.109	1.719	1.536	1.773	 AGBt
#	Isochrone	Z = 0.00100		Age = 	3.981e+08 yr
# log(age/yr)	M_ini	M_act	logL/Lo	logTe	logG	Mv	U-B	B-V	V-I	stage
	8.60	2.2200	2.218	1.825	4.093	4.28	0.998	-0.334	-0.097	-0.098	 TO       
	8.60	2.5053	2.501	2.125	4.064	3.91	0.095	-0.284	-0.087	-0.073	 Te-m     
	8.60	2.5270	2.523	2.222	4.119	4.04	0.155	-0.411	-0.112	-0.112	 Te-M     
	8.60	2.5307	2.527	2.254	3.987	3.48	-0.622	-0.076	-0.039	-0.017	 L-M      
	8.60	2.5355	2.531	2.080	3.743	2.68	-0.271	0.003	0.622	0.783	 RGBb     
	8.60	2.5413	2.537	2.526	3.708	2.10	-1.305	0.185	0.784	0.915	 RGBt     
	8.60	2.5883	2.579	2.248	3.732	2.47	-0.669	0.051	0.667	0.823	 BHeb     
	8.60	2.6844	2.668	2.564	3.872	2.74	-1.670	0.107	0.149	0.241	 Te-M     
	8.60	2.7306	2.708	2.541	3.723	2.17	-1.386	0.105	0.711	0.857	 EHeb     
	8.60	2.7364	2.693	3.958	3.618	0.33	-4.291	1.387	1.421	1.437	 1TP      
	8.60	2.7405	1.076	4.419	3.577	-0.69	-5.043	1.720	1.537	1.776	 AGBt
#	Isochrone	Z = 0.00100		Age = 	4.467e+08 yr
# log(age/yr)	M_ini	M_act	logL/Lo	logTe	logG	Mv	U-B	B-V	V-I	stage
	8.65	2.1220	2.120	1.755	4.081	4.28	1.109	-0.308	-0.090	-0.091	 TO       
	8.65	2.3884	2.385	2.050	4.052	3.92	0.215	-0.248	-0.078	-0.065	 Te-m     
	8.65	2.4072	2.403	2.149	4.107	4.04	0.272	-0.381	-0.109	-0.106	 Te-M     
	8.65	2.4106	2.407	2.178	3.979	3.51	-0.468	-0.045	-0.031	-0.003	 L-M      
	8.65	2.4152	2.411	2.004	3.744	2.74	-0.082	-0.003	0.619	0.781	 RGBb     
	8.65	2.4212	2.416	2.480	3.709	2.12	-1.190	0.182	0.782	0.914	 RGBt     
	8.65	2.4599	2.452	2.152	3.734	2.56	-0.434	0.037	0.657	0.814	 BHeb     
	8.65	2.5515	2.536	2.479	3.855	2.73	-1.448	0.078	0.208	0.314	 Te-M     
	8.65	2.6036	2.582	2.483	3.723	2.20	-1.241	0.104	0.713	0.859	 EHeb     
	8.65	2.6093	2.569	3.898	3.620	0.38	-4.165	1.349	1.406	1.417	 1TP      
	8.65	2.6132	1.044	4.394	3.577	-0.68	-4.978	1.721	1.537	1.779	 AGBt
#	Isochrone	Z = 0.00100		Age = 	5.012e+08 yr
# log(age/yr)	M_ini	M_act	logL/Lo	logTe	logG	Mv	U-B	B-V	V-I	stage
	8.70	2.0286	2.027	1.684	4.069	4.28	1.222	-0.276	-0.081	-0.082	 TO       
	8.70	2.2773	2.274	1.976	4.039	3.92	0.334	-0.211	-0.070	-0.058	 Te-m     
	8.70	2.2950	2.291	2.076	4.095	4.05	0.389	-0.353	-0.107	-0.099	 Te-M     
	8.70	2.2982	2.294	2.103	3.972	3.53	-0.313	-0.019	-0.018	0.005	 L-M      
	8.70	2.3030	2.299	1.930	3.745	2.79	0.102	-0.008	0.617	0.779	 RGBb     
	8.70	2.3097	2.305	2.440	3.708	2.14	-1.090	0.181	0.782	0.914	 RGBt     
	8.70	2.3450	2.337	2.073	3.736	2.62	-0.240	0.027	0.650	0.808	 BHeb     
	8.70	2.4338	2.419	2.404	3.834	2.70	-1.237	0.016	0.283	0.416	 Te-M     
	8.70	2.4836	2.463	2.427	3.722	2.24	-1.099	0.103	0.714	0.861	 EHeb     
	8.70	2.4889	2.451	3.836	3.622	0.43	-4.038	1.309	1.391	1.396	 1TP      
	8.70	2.4923	1.013	4.369	3.576	-0.67	-4.912	1.723	1.538	1.782	 AGBt
#	Isochrone	Z = 0.00100		Age = 	5.623e+08 yr
# log(age/yr)	M_ini	M_act	logL/Lo	logTe	logG	Mv	U-B	B-V	V-I	stage
	8.75	1.9433	1.941	1.616	4.058	4.29	1.329	-0.244	-0.072	-0.073	 TO       
	8.75	2.1729	2.169	1.902	4.027	3.93	0.457	-0.175	-0.059	-0.052	 Te-m     
	8.75	2.1887	2.185	2.003	4.083	4.05	0.504	-0.326	-0.100	-0.092	 Te-M     
	8.75	2.1915	2.188	2.029	3.965	3.55	-0.157	0.005	-0.006	0.013	 L-M      
	8.75	2.1962	2.192	1.857	3.745	2.85	0.285	-0.014	0.615	0.778	 RGBb     
	8.75	2.2034	2.199	2.400	3.708	2.16	-0.990	0.180	0.783	0.915	 RGBt     
	8.75	2.2356	2.228	1.994	3.738	2.69	-0.046	0.017	0.644	0.803	 BHeb     
	8.75	2.3272	2.313	2.337	3.811	2.65	-1.034	-0.047	0.380	0.532	 Te-M     
	8.75	2.3754	2.355	2.382	3.722	2.26	-0.985	0.101	0.714	0.861	 EHeb     
	8.75	2.3805	2.344	3.767	3.625	0.49	-3.900	1.258	1.372	1.370	 1TP      
	8.75	2.3837	0.984	4.345	3.576	-0.67	-4.848	1.724	1.538	1.786	 AGBt
#	Isochrone	Z = 0.00100		Age = 	6.310e+08 yr
# log(age/yr)	M_ini	M_act	logL/Lo	logTe	logG	Mv	U-B	B-V	V-I	stage
	8.80	1.8591	1.857	1.543	4.046	4.30	1.450	-0.209	-0.063	-0.064	 TO       
	8.80	2.0772	2.074	1.831	4.016	3.93	0.574	-0.138	-0.048	-0.044	 Te-m     
	8.80	2.0922	2.089	1.934	4.071	4.06	0.612	-0.296	-0.090	-0.082	 Te-M     
	8.80	2.0950	2.091	1.960	3.958	3.58	-0.005	0.022	0.002	0.025	 L-M      
	8.80	2.0999	2.096	1.790	3.746	2.90	0.451	-0.019	0.613	0.776	 RGBb     
	8.80	2.1081	2.103	2.382	3.707	2.15	-0.942	0.187	0.788	0.919	 RGBt     
	8.80	2.1353	2.128	1.924	3.739	2.74	0.128	0.009	0.640	0.799	 BHeb     
	8.80	2.2253	2.211	2.270	3.787	2.61	-0.836	-0.046	0.452	0.618	 Te-M     
	8.80	2.2718	2.251	2.336	3.722	2.29	-0.870	0.099	0.714	0.861	 EHeb     
	8.80	2.2769	2.242	3.699	3.628	0.55	-3.760	1.205	1.352	1.346	 1TP      
	8.80	2.2798	0.957	4.322	3.575	-0.66	-4.785	1.726	1.539	1.790	 AGBt
#	Isochrone	Z = 0.00100		Age = 	7.080e+08 yr
# log(age/yr)	M_ini	M_act	logL/Lo	logTe	logG	Mv	U-B	B-V	V-I	stage
	8.85	1.7843	1.783	1.477	4.035	4.30	1.555	-0.174	-0.052	-0.057	 TO       
	8.85	1.9863	1.983	1.761	4.004	3.94	0.691	-0.099	-0.037	-0.034	 Te-m     
	8.85	2.0000	1.997	1.865	4.060	4.06	0.721	-0.263	-0.078	-0.071	 Te-M     
	8.85	2.0027	1.999	1.891	3.951	3.60	0.147	0.038	0.012	0.037	 L-M      
	8.85	2.0078	2.004	1.723	3.747	2.95	0.617	-0.024	0.611	0.775	 RGBb     
	8.85	2.0171	2.012	2.365	3.706	2.15	-0.895	0.193	0.794	0.923	 RGBt     
	8.85	2.0416	2.035	1.858	3.740	2.79	0.292	0.003	0.637	0.797	 BHeb     
	8.85	2.1302	2.116	2.203	3.775	2.61	-0.645	-0.038	0.495	0.665	 Te-M     
	8.85	2.1746	2.154	2.296	3.722	2.31	-0.767	0.099	0.715	0.862	 EHeb     
	8.85	2.1792	2.145	3.631	3.631	0.61	-3.615	1.154	1.328	1.328	 1TP      
	8.85	2.1817	0.931	4.299	3.575	-0.65	-4.723	1.728	1.539	1.794	 AGBt
#	Isochrone	Z = 0.00100		Age = 	7.943e+08 yr
# log(age/yr)	M_ini	M_act	logL/Lo	logTe	logG	Mv	U-B	B-V	V-I	stage
	8.90	1.7172	1.715	1.417	4.025	4.30	1.653	-0.144	-0.042	-0.052	 TO       
	8.90	1.9021	1.899	1.692	3.993	3.94	0.810	-0.065	-0.026	-0.024	 Te-m     
	8.90	1.9157	1.912	1.798	4.049	4.06	0.826	-0.230	-0.072	-0.064	 Te-M     
	8.90	1.9185	1.915	1.825	3.937	3.59	0.267	0.067	0.040	0.066	 L-M      
	8.90	1.9234	1.920	1.661	3.747	2.99	0.773	-0.027	0.612	0.775	 RGBb     
	8.90	1.9336	1.929	2.364	3.704	2.12	-0.888	0.205	0.803	0.930	 RGBt     
	8.90	1.9537	1.947	1.793	3.740	2.84	0.453	-0.002	0.635	0.795	 BHeb     
	8.90	2.0400	2.026	2.135	3.766	2.62	-0.458	-0.034	0.528	0.698	 Te-M     
	8.90	2.0859	2.065	2.268	3.721	2.31	-0.697	0.101	0.719	0.866	 EHeb     
	8.90	2.0901	2.058	3.569	3.633	0.66	-3.479	1.111	1.306	1.312	 1TP      
	8.90	2.0925	0.906	4.282	3.574	-0.64	-4.669	1.730	1.540	1.804	 AGBt
#	Isochrone	Z = 0.00100		Age = 	8.913e+08 yr
# log(age/yr)	M_ini	M_act	logL/Lo	logTe	logG	Mv	U-B	B-V	V-I	stage
	8.95	1.6517	1.650	1.354	4.014	4.31	1.758	-0.112	-0.030	-0.044	 TO       
	8.95	1.8208	1.818	1.620	3.983	3.95	0.942	-0.029	-0.011	-0.008	 Te-m     
	8.95	1.8340	1.831	1.729	4.038	4.07	0.943	-0.196	-0.064	-0.058	 Te-M     
	8.95	1.8367	1.833	1.756	3.934	3.63	0.435	0.070	0.049	0.074	 L-M      
	8.95	1.8422	1.839	1.595	3.748	3.04	0.937	-0.032	0.609	0.773	 RGBb     
	8.95	1.8545	1.849	2.378	3.702	2.08	-0.915	0.221	0.816	0.940	 RGBt     
	8.95	1.8710	1.864	1.733	3.741	2.88	0.603	-0.005	0.634	0.795	 BHeb     
	8.95	1.9560	1.943	2.071	3.760	2.64	-0.283	-0.031	0.554	0.723	 Te-M     
	8.95	2.0008	1.980	2.241	3.720	2.32	-0.628	0.103	0.722	0.869	 EHeb     
	8.95	2.0048	1.974	3.507	3.635	0.71	-3.342	1.068	1.285	1.296	 1TP      
	8.95	2.0069	0.883	4.264	3.573	-0.64	-4.605	1.731	1.541	1.822	 AGBt
#	Isochrone	Z = 0.00100		Age = 	1.000e+09 yr
# log(age/yr)	M_ini	M_act	logL/Lo	logTe	logG	Mv	U-B	B-V	V-I	stage
	9.00	1.5994	1.598	1.308	4.003	4.29	1.813	-0.077	-0.016	-0.033	 TO       
	9.00	1.7484	1.745	1.556	3.972	3.96	1.059	0.003	0.008	0.010	 Te-m     
	9.00	1.7596	1.756	1.664	4.027	4.07	1.048	-0.163	-0.053	-0.053	 Te-M     
	9.00	1.7621	1.759	1.692	3.923	3.63	0.576	0.077	0.074	0.103	 L-M      
	9.00	1.7673	1.764	1.535	3.748	3.09	1.087	-0.035	0.609	0.772	 RGBb     
	9.00	1.7806	1.774	2.399	3.699	2.03	-0.957	0.240	0.830	0.951	 RGBt     
	9.00	1.7924	1.785	1.681	3.741	2.92	0.734	-0.007	0.635	0.795	 BHeb     
	9.00	1.8782	1.865	2.014	3.756	2.66	-0.134	-0.024	0.571	0.738	 Te-M     
	9.00	1.9211	1.900	2.208	3.720	2.33	-0.543	0.103	0.723	0.870	 EHeb     
	9.00	1.9248	1.895	3.386	3.643	0.85	-3.104	0.938	1.220	1.246	 1TP      
	9.00	1.9268	0.864	4.244	3.573	-0.63	-4.552	1.731	1.541	1.824	 AGBt
#	Isochrone	Z = 0.00100		Age = 	1.122e+09 yr
# log(age/yr)	M_ini	M_act	logL/Lo	logTe	logG	Mv	U-B	B-V	V-I	stage
	9.05	1.5486	1.547	1.261	3.992	4.28	1.880	-0.046	-0.006	-0.018	 TO       
	9.05	1.6818	1.679	1.495	3.963	3.96	1.181	0.025	0.023	0.025	 Te-m     
	9.05	1.6928	1.690	1.605	4.017	4.07	1.145	-0.132	-0.043	-0.046	 Te-M     
	9.05	1.7008	1.697	1.486	3.748	3.12	1.210	-0.039	0.607	0.770	 RGBb     
	9.05	1.7157	1.708	2.396	3.698	2.01	-0.943	0.250	0.838	0.956	 RGBt     
	9.05	1.7187	1.711	1.642	3.744	2.95	0.825	-0.017	0.623	0.785	 BHeb     
	9.05	1.8051	1.791	1.973	3.753	2.67	-0.025	-0.018	0.583	0.750	 Te-M     
	9.05	1.8442	1.823	2.199	3.718	2.32	-0.517	0.114	0.732	0.877	 EHeb     
	9.05	1.8477	1.819	3.263	3.650	0.98	-2.854	0.821	1.161	1.198	 1TP      
	9.05	1.8496	0.844	4.225	3.572	-0.62	-4.496	1.732	1.541	1.831	 AGBt
#	Isochrone	Z = 0.00100		Age = 	1.259e+09 yr
# log(age/yr)	M_ini	M_act	logL/Lo	logTe	logG	Mv	U-B	B-V	V-I	stage
	9.10	1.5000	1.498	1.215	3.980	4.27	1.944	-0.016	0.012	0.001	 TO       
	9.10	1.6148	1.612	1.428	3.952	3.97	1.312	0.043	0.041	0.044	 Te-m     
	9.10	1.6256	1.623	1.540	4.006	4.08	1.250	-0.096	-0.031	-0.036	 Te-M     
	9.10	1.6344	1.631	1.430	3.748	3.16	1.351	-0.039	0.610	0.772	 RGBb     
	9.10	1.6574	1.638	2.801	3.673	1.49	-1.840	0.500	0.992	1.078	 RGBt     
	9.10	1.6574	1.638	1.791	3.742	2.78	0.453	-0.001	0.627	0.788	 BHeb     
	9.10	1.6610	1.642	1.794	3.740	2.76	0.450	0.006	0.637	0.797	 Te-m     
	9.10	1.7284	1.714	1.910	3.749	2.71	0.140	-0.013	0.597	0.761	 Te-M     
	9.10	1.7660	1.745	2.144	3.719	2.36	-0.382	0.104	0.725	0.872	 EHeb     
	9.10	1.7699	1.742	3.183	3.653	1.05	-2.680	0.768	1.134	1.177	 1TP      
	9.10	1.7719	0.823	4.203	3.572	-0.62	-4.419	1.732	1.542	1.849	 AGBt
#	Isochrone	Z = 0.00100		Age = 	1.413e+09 yr
# log(age/yr)	M_ini	M_act	logL/Lo	logTe	logG	Mv	U-B	B-V	V-I	stage
	9.15	1.4514	1.450	1.164	3.967	4.25	2.022	0.013	0.034	0.024	 TO       
	9.15	1.5518	1.549	1.363	3.942	3.98	1.441	0.060	0.059	0.070	 Te-m     
	9.15	1.5616	1.559	1.476	3.995	4.08	1.357	-0.063	-0.020	-0.025	 Te-M     
	9.15	1.5708	1.568	1.376	3.748	3.19	1.486	-0.041	0.611	0.773	 RGBb     
	9.15	1.5889	1.581	2.287	3.700	2.10	-0.681	0.228	0.823	0.946	 L-M      
	9.15	1.5897	1.581	2.230	3.703	2.17	-0.549	0.206	0.806	0.933	 L-m      
	9.15	1.5962	1.562	3.059	3.656	1.14	-2.386	0.725	1.111	1.162	 RGBt     
	9.15	1.5962	1.564	1.830	3.739	2.71	0.360	0.010	0.637	0.797	 BHeb     
	9.15	1.5995	1.567	1.840	3.737	2.69	0.341	0.019	0.646	0.805	 Te-m     
	9.15	1.6255	1.592	1.950	3.742	2.60	0.053	0.010	0.625	0.786	 Te-M     
	9.15	1.6533	1.621	2.171	3.716	2.29	-0.439	0.131	0.745	0.886	 EHeb     
	9.15	1.6534	1.621	2.325	3.706	2.09	-0.797	0.194	0.792	0.921	 L-M      
	9.15	1.6537	1.621	2.273	3.710	2.16	-0.676	0.174	0.777	0.910	 L-m      
	9.15	1.6566	1.617	3.218	3.648	0.96	-2.725	0.851	1.176	1.211	 1TP      
	9.15	1.6583	0.798	4.172	3.571	-0.60	-4.338	1.733	1.542	1.853	 AGBt
#	Isochrone	Z = 0.00100		Age = 	1.585e+09 yr
# log(age/yr)	M_ini	M_act	logL/Lo	logTe	logG	Mv	U-B	B-V	V-I	stage
	9.20	1.3953	1.394	1.095	3.953	4.25	2.154	0.031	0.056	0.047	 TO       
	9.20	1.4898	1.487	1.294	3.932	3.99	1.599	0.060	0.083	0.093	 Te-m     
	9.20	1.5011	1.498	1.412	3.984	4.08	1.466	-0.029	-0.005	-0.009	 Te-M     
	9.20	1.5106	1.507	1.321	3.750	3.24	1.621	-0.048	0.604	0.767	 RGBb     
	9.20	1.5308	1.522	2.296	3.698	2.06	-0.697	0.241	0.832	0.953	 L-M      
	9.20	1.5315	1.522	2.242	3.701	2.13	-0.573	0.219	0.816	0.941	 L-m      
	9.20	1.5372	1.496	3.121	3.650	1.04	-2.501	0.809	1.155	1.196	 RGBt     
	9.20	1.5372	1.496	1.836	3.738	2.67	0.350	0.018	0.643	0.802	 BHeb     
	9.20	1.5403	1.499	1.851	3.735	2.65	0.318	0.028	0.654	0.812	 Te-m     
	9.20	1.5605	1.517	1.941	3.739	2.58	0.082	0.017	0.634	0.794	 Te-M     
	9.20	1.5788	1.533	2.168	3.715	2.26	-0.427	0.139	0.751	0.891	 EHeb     
	9.20	1.5789	1.533	2.341	3.704	2.04	-0.829	0.211	0.806	0.931	 L-M      
	9.20	1.5791	1.533	2.289	3.707	2.11	-0.708	0.190	0.789	0.919	 L-m      
	9.20	1.5809	1.526	3.311	3.639	0.81	-2.888	0.990	1.246	1.267	 1TP      
	9.20	1.5820	0.780	4.148	3.572	-0.58	-4.287	1.732	1.541	1.844	 AGBt
#	Isochrone	Z = 0.00100		Age = 	1.778e+09 yr
# log(age/yr)	M_ini	M_act	logL/Lo	logTe	logG	Mv	U-B	B-V	V-I	stage
	9.25	1.3410	1.339	1.025	3.941	4.25	2.294	0.040	0.083	0.083	 TO       
	9.25	1.4184	1.416	1.194	3.925	4.04	1.839	0.052	0.103	0.116	 Te-m     
	9.25	1.4309	1.428	1.312	3.972	4.12	1.670	0.003	0.017	0.012	 Te-M     
	9.25	1.4490	1.446	1.256	3.750	3.29	1.784	-0.051	0.604	0.766	 RGBb     
	9.25	1.4743	1.465	2.281	3.698	2.06	-0.656	0.246	0.836	0.956	 L-M      
	9.25	1.4749	1.465	2.228	3.701	2.12	-0.535	0.224	0.820	0.944	 L-m      
	9.25	1.4803	1.432	3.177	3.644	0.94	-2.596	0.895	1.198	1.231	 RGBt     
	9.25	1.4803	1.431	1.839	3.736	2.65	0.345	0.025	0.650	0.808	 BHeb     
	9.25	1.4829	1.433	1.853	3.734	2.62	0.314	0.034	0.659	0.816	 Te-m     
	9.25	1.4992	1.447	1.929	3.738	2.57	0.114	0.024	0.641	0.800	 Te-M     
	9.25	1.5140	1.459	2.166	3.713	2.24	-0.419	0.148	0.757	0.896	 EHeb     
	9.25	1.5141	1.459	2.342	3.702	2.02	-0.826	0.222	0.814	0.937	 L-M      
	9.25	1.5143	1.459	2.289	3.706	2.08	-0.705	0.200	0.797	0.925	 L-m      
	9.25	1.5158	1.451	3.313	3.637	0.78	-2.875	1.028	1.265	1.282	 1TP      
	9.25	1.5166	0.764	4.124	3.572	-0.57	-4.225	1.732	1.542	1.848	 AGBt
#	Isochrone	Z = 0.00100		Age = 	1.995e+09 yr
# log(age/yr)	M_ini	M_act	logL/Lo	logTe	logG	Mv	U-B	B-V	V-I	stage
	9.30	1.2901	1.288	0.958	3.928	4.25	2.440	0.034	0.112	0.113	 TO       
	9.30	1.3510	1.349	1.096	3.918	4.09	2.076	0.041	0.123	0.140	 Te-m     
	9.30	1.3640	1.362	1.212	3.960	4.15	1.882	0.025	0.039	0.033	 Te-M     
	9.30	1.3903	1.387	1.192	3.750	3.33	1.943	-0.054	0.605	0.767	 RGBb     
	9.30	1.4193	1.410	2.237	3.698	2.09	-0.549	0.241	0.833	0.954	 L-M      
	9.30	1.4198	1.410	2.179	3.701	2.16	-0.417	0.217	0.815	0.940	 L-m      
	9.30	1.4251	1.368	3.219	3.640	0.86	-2.663	0.970	1.236	1.261	 RGBt     
	9.30	1.4251	1.369	1.834	3.735	2.63	0.360	0.030	0.654	0.812	 BHeb     
	9.30	1.4274	1.371	1.850	3.733	2.60	0.323	0.040	0.664	0.821	 Te-m     
	9.30	1.4403	1.381	1.915	3.736	2.55	0.151	0.029	0.647	0.805	 Te-M     
	9.30	1.4521	1.389	2.160	3.712	2.22	-0.402	0.155	0.763	0.900	 EHeb     
	9.30	1.4521	1.389	2.342	3.701	1.99	-0.821	0.233	0.822	0.944	 L-M      
	9.30	1.4523	1.389	2.287	3.704	2.06	-0.694	0.209	0.804	0.930	 L-m      
	9.30	1.4535	1.380	3.277	3.637	0.80	-2.789	1.018	1.260	1.279	 1TP      
	9.30	1.4542	0.748	4.100	3.571	-0.56	-4.153	1.733	1.542	1.858	 AGBt
#	Isochrone	Z = 0.00100		Age = 	2.239e+09 yr
# log(age/yr)	M_ini	M_act	logL/Lo	logTe	logG	Mv	U-B	B-V	V-I	stage
	9.35	1.2414	1.240	0.888	3.917	4.26	2.601	0.020	0.138	0.152	 TO       
	9.35	1.2874	1.285	0.999	3.911	4.14	2.315	0.024	0.146	0.168	 Te-m     
	9.35	1.3005	1.298	1.112	3.947	4.18	2.094	0.040	0.063	0.062	 Te-M     
	9.35	1.3389	1.336	1.147	3.750	3.36	2.058	-0.056	0.605	0.766	 RGBb     
	9.35	1.3672	1.358	2.201	3.698	2.11	-0.459	0.238	0.831	0.953	 L-M      
	9.35	1.3676	1.357	2.141	3.702	2.18	-0.323	0.214	0.813	0.939	 L-m      
	9.35	1.3726	1.310	3.242	3.636	0.80	-2.693	1.026	1.263	1.282	 RGBt     
	9.35	1.3726	1.310	1.821	3.734	2.62	0.393	0.033	0.658	0.815	 BHeb     
	9.35	1.3748	1.312	1.842	3.732	2.59	0.347	0.043	0.668	0.824	 Te-m     
	9.35	1.3853	1.320	1.897	3.735	2.55	0.200	0.033	0.652	0.809	 Te-M     
	9.35	1.3961	1.326	2.156	3.711	2.19	-0.389	0.163	0.769	0.904	 EHeb     
	9.35	1.3961	1.326	2.335	3.700	1.97	-0.799	0.241	0.828	0.948	 L-M      
	9.35	1.3962	1.326	2.280	3.703	2.04	-0.675	0.215	0.809	0.934	 L-m      
	9.35	1.3973	1.316	3.267	3.636	0.78	-2.753	1.039	1.270	1.287	 1TP      
	9.35	1.3979	0.734	4.077	3.571	-0.54	-4.087	1.733	1.542	1.865	 AGBt
#	Isochrone	Z = 0.00100		Age = 	2.512e+09 yr
# log(age/yr)	M_ini	M_act	logL/Lo	logTe	logG	Mv	U-B	B-V	V-I	stage
	9.40	1.1787	1.177	0.790	3.907	4.29	2.844	-0.004	0.168	0.194	 TO       
	9.40	1.2285	1.226	0.905	3.904	4.18	2.549	0.006	0.168	0.196	 Te-m     
	9.40	1.2431	1.241	1.011	3.933	4.20	2.313	0.041	0.098	0.100	 Te-M     
	9.40	1.2908	1.288	1.104	3.750	3.39	2.164	-0.058	0.604	0.766	 RGBb     
	9.40	1.3175	1.308	2.169	3.698	2.13	-0.380	0.236	0.830	0.952	 L-M      
	9.40	1.3180	1.308	2.109	3.702	2.20	-0.243	0.212	0.812	0.939	 L-m      
	9.40	1.3225	1.256	3.248	3.634	0.77	-2.691	1.062	1.282	1.297	 RGBt     
	9.40	1.3225	1.256	1.810	3.734	2.61	0.422	0.036	0.660	0.817	 BHeb     
	9.40	1.3243	1.257	1.832	3.731	2.58	0.374	0.047	0.671	0.826	 Te-m     
	9.40	1.3328	1.262	1.880	3.735	2.54	0.244	0.036	0.655	0.812	 Te-M     
	9.40	1.3418	1.266	2.149	3.710	2.18	-0.369	0.169	0.773	0.908	 EHeb     
	9.40	1.3419	1.266	2.327	3.699	1.95	-0.776	0.248	0.834	0.953	 L-M      
	9.40	1.3420	1.266	2.273	3.702	2.02	-0.653	0.221	0.813	0.937	 L-m      
	9.40	1.3429	1.256	3.278	3.633	0.74	-2.753	1.089	1.295	1.307	 1TP      
	9.40	1.3433	0.720	4.053	3.570	-0.53	-4.017	1.734	1.542	1.873	 AGBt
#	Isochrone	Z = 0.00100		Age = 	2.818e+09 yr
# log(age/yr)	M_ini	M_act	logL/Lo	logTe	logG	Mv	U-B	B-V	V-I	stage
	9.45	1.2000	1.198	0.959	3.914	4.16	2.417	0.028	0.138	0.157	 TO       
	9.45	1.2489	1.246	1.074	3.751	3.41	2.238	-0.061	0.602	0.763	 RGBb     
	9.45	1.2720	1.262	2.142	3.698	2.14	-0.313	0.236	0.831	0.952	 L-M      
	9.45	1.2724	1.262	2.081	3.702	2.21	-0.172	0.211	0.812	0.939	 L-m      
	9.45	1.2762	1.206	3.252	3.632	0.74	-2.682	1.096	1.299	1.310	 RGBt     
	9.45	1.2762	1.206	1.800	3.733	2.60	0.449	0.038	0.662	0.818	 BHeb     
	9.45	1.2776	1.207	1.821	3.730	2.57	0.401	0.049	0.673	0.829	 Te-m     
	9.45	1.2850	1.210	1.865	3.734	2.54	0.282	0.039	0.657	0.814	 Te-M     
	9.45	1.2927	1.213	2.138	3.710	2.17	-0.339	0.173	0.776	0.910	 EHeb     
	9.45	1.2927	1.213	2.319	3.698	1.94	-0.752	0.255	0.838	0.956	 L-M      
	9.45	1.2928	1.213	2.264	3.702	2.01	-0.629	0.225	0.817	0.940	 L-m      
	9.45	1.2936	1.201	3.320	3.627	0.65	-2.809	1.182	1.339	1.344	 1TP      
	9.45	1.2940	0.707	4.029	3.570	-0.52	-3.947	1.734	1.543	1.883	 AGBt
#	Isochrone	Z = 0.00100		Age = 	3.162e+09 yr
# log(age/yr)	M_ini	M_act	logL/Lo	logTe	logG	Mv	U-B	B-V	V-I	stage
	9.50	1.1674	1.165	0.928	3.901	4.13	2.489	0.005	0.173	0.206	 TO       
	9.50	1.2084	1.205	1.044	3.751	3.43	2.312	-0.063	0.600	0.761	 RGBb     
	9.50	1.2293	1.219	2.119	3.698	2.14	-0.253	0.237	0.831	0.953	 L-M      
	9.50	1.2296	1.219	2.055	3.702	2.22	-0.107	0.211	0.812	0.939	 L-m      
	9.50	1.2331	1.160	3.252	3.630	0.72	-2.668	1.128	1.314	1.323	 RGBt     
	9.50	1.2331	1.159	1.790	3.733	2.59	0.473	0.039	0.662	0.819	 BHeb     
	9.50	1.2344	1.160	1.814	3.730	2.55	0.421	0.052	0.676	0.831	 Te-m     
	9.50	1.2403	1.162	1.853	3.734	2.53	0.314	0.040	0.658	0.815	 Te-M     
	9.50	1.2465	1.163	2.131	3.709	2.15	-0.319	0.177	0.780	0.912	 EHeb     
	9.50	1.2465	1.163	2.314	3.697	1.92	-0.736	0.263	0.843	0.959	 L-M      
	9.50	1.2466	1.163	2.258	3.701	2.00	-0.610	0.231	0.822	0.943	 L-m      
	9.50	1.2473	1.151	3.304	3.626	0.65	-2.763	1.191	1.342	1.348	 1TP      
	9.50	1.2476	0.695	4.007	3.570	-0.50	-3.892	1.734	1.543	1.881	 AGBt
#	Isochrone	Z = 0.00100		Age = 	3.548e+09 yr
# log(age/yr)	M_ini	M_act	logL/Lo	logTe	logG	Mv	U-B	B-V	V-I	stage
	9.55	1.1302	1.128	0.872	3.890	4.13	2.628	-0.029	0.197	0.248	 TO       
	9.55	1.1697	1.166	1.013	3.752	3.44	2.390	-0.066	0.598	0.759	 RGBb     
	9.55	1.1883	1.178	2.095	3.698	2.15	-0.194	0.238	0.832	0.954	 L-M      
	9.55	1.1886	1.178	2.030	3.702	2.23	-0.044	0.211	0.812	0.940	 L-m      
	9.55	1.1917	1.115	3.253	3.628	0.69	-2.655	1.158	1.329	1.334	 RGBt     
	9.55	1.1917	1.114	1.781	3.733	2.58	0.496	0.040	0.663	0.820	 BHeb     
	9.55	1.1929	1.115	1.807	3.729	2.54	0.439	0.055	0.678	0.833	 Te-m     
	9.55	1.1980	1.116	1.841	3.734	2.53	0.344	0.041	0.659	0.816	 Te-M     
	9.55	1.2033	1.116	2.127	3.708	2.14	-0.307	0.182	0.783	0.915	 EHeb     
	9.55	1.2033	1.116	2.311	3.696	1.91	-0.726	0.271	0.848	0.963	 L-M      
	9.55	1.2034	1.116	2.253	3.700	1.98	-0.597	0.238	0.827	0.947	 L-m      
	9.55	1.2040	1.103	3.234	3.630	0.71	-2.627	1.122	1.311	1.320	 1TP      
	9.55	1.2042	0.685	3.986	3.571	-0.48	-3.854	1.733	1.542	1.869	 AGBt
#	Isochrone	Z = 0.00100		Age = 	3.981e+09 yr
# log(age/yr)	M_ini	M_act	logL/Lo	logTe	logG	Mv	U-B	B-V	V-I	stage
	9.60	1.0945	1.092	0.818	3.880	4.12	2.767	-0.082	0.230	0.307	 TO       
	9.60	1.1323	1.129	0.981	3.752	3.46	2.469	-0.068	0.597	0.757	 RGBb     
	9.60	1.1494	1.139	2.072	3.698	2.16	-0.135	0.238	0.832	0.954	 L-M      
	9.60	1.1497	1.139	2.008	3.702	2.24	0.011	0.212	0.813	0.940	 L-m      
	9.60	1.1525	1.072	3.255	3.627	0.67	-2.646	1.179	1.337	1.343	 RGBt     
	9.60	1.1525	1.071	1.771	3.733	2.57	0.522	0.040	0.663	0.819	 BHeb     
	9.60	1.1536	1.072	1.798	3.729	2.53	0.462	0.056	0.679	0.833	 Te-m     
	9.60	1.1578	1.072	1.828	3.734	2.52	0.376	0.042	0.660	0.816	 Te-M     
	9.60	1.1624	1.071	2.123	3.708	2.12	-0.295	0.186	0.786	0.917	 EHeb     
	9.60	1.1624	1.071	2.308	3.696	1.89	-0.714	0.279	0.853	0.967	 L-M      
	9.60	1.1625	1.071	2.249	3.699	1.96	-0.583	0.244	0.831	0.951	 L-m      
	9.60	1.1629	1.058	3.190	3.632	0.75	-2.532	1.088	1.294	1.307	 1TP      
	9.60	1.1632	0.675	3.963	3.571	-0.47	-3.810	1.733	1.542	1.858	 AGBt
#	Isochrone	Z = 0.00100		Age = 	4.467e+09 yr
# log(age/yr)	M_ini	M_act	logL/Lo	logTe	logG	Mv	U-B	B-V	V-I	stage
	9.65	1.0619	1.060	0.773	3.870	4.11	2.885	-0.116	0.259	0.353	 TO       
	9.65	1.0964	1.093	0.951	3.752	3.48	2.543	-0.069	0.597	0.757	 RGBb     
	9.65	1.1119	1.102	2.049	3.698	2.17	-0.076	0.238	0.833	0.955	 L-M      
	9.65	1.1121	1.101	1.987	3.701	2.24	0.066	0.213	0.814	0.941	 L-m      
	9.65	1.1146	1.030	3.256	3.626	0.64	-2.637	1.200	1.345	1.352	 RGBt     
	9.65	1.1146	1.030	1.759	3.733	2.57	0.550	0.040	0.662	0.819	 BHeb     
	9.65	1.1155	1.030	1.787	3.730	2.53	0.488	0.055	0.677	0.832	 Te-m     
	9.65	1.1192	1.029	1.815	3.734	2.52	0.410	0.042	0.659	0.816	 Te-M     
	9.65	1.1232	1.028	2.119	3.707	2.11	-0.283	0.191	0.789	0.919	 EHeb     
	9.65	1.1233	1.028	2.303	3.695	1.87	-0.698	0.286	0.858	0.970	 L-M      
	9.65	1.1233	1.027	2.245	3.698	1.94	-0.569	0.251	0.835	0.954	 L-m      
	9.65	1.1237	1.014	3.183	3.631	0.73	-2.504	1.107	1.304	1.315	 1TP      
	9.65	1.1239	0.664	3.937	3.571	-0.45	-3.755	1.733	1.542	1.850	 AGBt
#	Isochrone	Z = 0.00100		Age = 	5.012e+09 yr
# log(age/yr)	M_ini	M_act	logL/Lo	logTe	logG	Mv	U-B	B-V	V-I	stage
	9.70	1.0302	1.028	0.728	3.860	4.11	3.004	-0.133	0.285	0.386	 TO       
	9.70	1.0632	1.060	0.940	3.748	3.46	2.578	-0.057	0.613	0.773	 RGBb     
	9.70	1.0763	1.066	2.025	3.698	2.18	-0.018	0.238	0.832	0.955	 L-M      
	9.70	1.0766	1.066	1.965	3.701	2.25	0.120	0.213	0.814	0.942	 L-m      
	9.70	1.0788	0.990	3.259	3.625	0.62	-2.632	1.222	1.354	1.362	 RGBt     
	9.70	1.0788	0.990	1.749	3.733	2.56	0.576	0.040	0.661	0.818	 BHeb     
	9.70	1.0795	0.990	1.778	3.730	2.52	0.511	0.055	0.676	0.831	 Te-m     
	9.70	1.0826	0.989	1.801	3.734	2.51	0.443	0.042	0.659	0.816	 Te-M     
	9.70	1.0861	0.987	2.114	3.707	2.09	-0.270	0.195	0.792	0.921	 EHeb     
	9.70	1.0861	0.987	2.298	3.694	1.86	-0.683	0.292	0.862	0.973	 L-M      
	9.70	1.0861	0.986	2.240	3.698	1.93	-0.555	0.257	0.839	0.956	 L-m      
	9.70	1.0865	0.973	3.176	3.630	0.72	-2.479	1.127	1.314	1.322	 1TP      
	9.70	1.0866	0.653	3.912	3.572	-0.43	-3.701	1.732	1.541	1.842	 AGBt
#	Isochrone	Z = 0.00100		Age = 	5.624e+09 yr
# log(age/yr)	M_ini	M_act	logL/Lo	logTe	logG	Mv	U-B	B-V	V-I	stage
	9.75	0.9830	0.981	0.588	3.850	4.19	3.365	-0.156	0.312	0.426	 TO       
	9.75	1.0310	1.027	0.928	3.743	3.44	2.614	-0.044	0.629	0.789	 RGBb     
	9.75	1.0423	1.032	2.002	3.698	2.19	0.040	0.236	0.832	0.954	 L-M      
	9.75	1.0425	1.032	1.944	3.701	2.26	0.173	0.212	0.814	0.942	 L-m      
	9.75	1.0445	0.951	3.263	3.624	0.59	-2.630	1.244	1.362	1.371	 RGBt     
	9.75	1.0445	0.951	1.741	3.734	2.56	0.595	0.039	0.660	0.817	 BHeb     
	9.75	1.0451	0.951	1.770	3.730	2.51	0.530	0.054	0.675	0.830	 Te-m     
	9.75	1.0478	0.950	1.789	3.734	2.51	0.472	0.040	0.656	0.813	 Te-M     
	9.75	1.0508	0.947	2.104	3.707	2.08	-0.244	0.195	0.793	0.921	 EHeb     
	9.75	1.0508	0.947	2.292	3.694	1.84	-0.666	0.297	0.865	0.975	 L-M      
	9.75	1.0509	0.947	2.232	3.698	1.92	-0.534	0.260	0.841	0.958	 L-m      
	9.75	1.0512	0.932	3.193	3.627	0.67	-2.497	1.173	1.335	1.340	 1TP      
	9.75	1.0513	0.641	3.880	3.573	-0.40	-3.648	1.731	1.541	1.818	 AGBt
#	Isochrone	Z = 0.00100		Age = 	6.310e+09 yr
# log(age/yr)	M_ini	M_act	logL/Lo	logTe	logG	Mv	U-B	B-V	V-I	stage
	9.80	0.9550	0.953	0.544	3.843	4.19	3.478	-0.165	0.329	0.452	 TO       
	9.80	0.9997	0.996	0.917	3.739	3.42	2.650	-0.030	0.646	0.805	 RGBb     
	9.80	1.0094	0.999	1.978	3.698	2.20	0.099	0.235	0.831	0.954	 L-M      
	9.80	1.0096	0.999	1.923	3.701	2.27	0.226	0.212	0.814	0.942	 L-m      
	9.80	1.0113	0.914	3.268	3.622	0.57	-2.627	1.267	1.370	1.381	 RGBt     
	9.80	1.0113	0.914	1.733	3.734	2.55	0.614	0.039	0.658	0.815	 BHeb     
	9.80	1.0118	0.914	1.762	3.730	2.50	0.549	0.054	0.674	0.829	 Te-m     
	9.80	1.0141	0.912	1.777	3.735	2.51	0.500	0.037	0.653	0.811	 Te-M     
	9.80	1.0167	0.909	2.094	3.707	2.07	-0.218	0.196	0.793	0.921	 EHeb     
	9.80	1.0167	0.909	2.286	3.693	1.83	-0.649	0.301	0.867	0.977	 L-M      
	9.80	1.0167	0.909	2.224	3.697	1.91	-0.513	0.263	0.843	0.959	 L-m      
	9.80	1.0170	0.893	3.210	3.625	0.62	-2.509	1.219	1.353	1.361	 1TP      
	9.80	1.0171	0.628	3.847	3.574	-0.37	-3.590	1.729	1.540	1.798	 AGBt
#	Isochrone	Z = 0.00100		Age = 	7.080e+09 yr
# log(age/yr)	M_ini	M_act	logL/Lo	logTe	logG	Mv	U-B	B-V	V-I	stage
	9.85	0.9278	0.926	0.501	3.836	4.19	3.590	-0.172	0.347	0.479	 TO       
	9.85	0.9693	0.966	0.895	3.738	3.42	2.707	-0.026	0.650	0.808	 RGBb     
	9.85	0.9780	0.968	1.956	3.698	2.21	0.155	0.235	0.831	0.954	 L-M      
	9.85	0.9782	0.967	1.901	3.701	2.27	0.280	0.212	0.815	0.942	 L-m      
	9.85	0.9797	0.877	3.271	3.621	0.54	-2.619	1.292	1.378	1.392	 RGBt     
	9.85	0.9797	0.877	1.725	3.734	2.54	0.632	0.037	0.656	0.813	 BHeb     
	9.85	0.9801	0.877	1.753	3.731	2.50	0.570	0.052	0.670	0.826	 Te-m     
	9.85	0.9819	0.875	1.764	3.736	2.51	0.530	0.034	0.648	0.806	 Te-M     
	9.85	0.9840	0.872	2.083	3.707	2.07	-0.192	0.195	0.792	0.921	 EHeb     
	9.85	0.9840	0.872	2.282	3.693	1.81	-0.637	0.306	0.870	0.979	 L-M      
	9.85	0.9840	0.871	2.218	3.697	1.89	-0.497	0.266	0.844	0.960	 L-m      
	9.85	0.9843	0.855	3.208	3.624	0.60	-2.491	1.241	1.360	1.370	 1TP      
	9.85	0.9844	0.617	3.814	3.576	-0.34	-3.518	1.725	1.538	1.787	 AGBt
#	Isochrone	Z = 0.00100		Age = 	7.943e+09 yr
# log(age/yr)	M_ini	M_act	logL/Lo	logTe	logG	Mv	U-B	B-V	V-I	stage
	9.90	0.9014	0.899	0.458	3.829	4.19	3.703	-0.180	0.365	0.505	 TO       
	9.90	0.9399	0.936	0.873	3.737	3.43	2.764	-0.022	0.654	0.811	 RGBb     
	9.90	0.9478	0.938	1.934	3.698	2.21	0.211	0.235	0.832	0.955	 L-M      
	9.90	0.9479	0.937	1.880	3.701	2.28	0.334	0.213	0.815	0.943	 L-m      
	9.90	0.9493	0.842	3.273	3.620	0.51	-2.608	1.319	1.387	1.404	 RGBt     
	9.90	0.9493	0.842	1.717	3.735	2.53	0.649	0.035	0.653	0.810	 BHeb     
	9.90	0.9497	0.841	1.743	3.732	2.50	0.593	0.048	0.665	0.821	 Te-m     
	9.90	0.9512	0.839	1.751	3.737	2.51	0.560	0.029	0.642	0.800	 Te-M     
	9.90	0.9530	0.836	2.071	3.707	2.06	-0.164	0.193	0.790	0.919	 EHeb     
	9.90	0.9530	0.835	2.280	3.692	1.80	-0.631	0.312	0.874	0.982	 L-M      
	9.90	0.9531	0.835	2.214	3.697	1.88	-0.486	0.269	0.846	0.961	 L-m      
	9.90	0.9533	0.818	3.183	3.624	0.61	-2.437	1.231	1.357	1.366	 1TP      
	9.90	0.9533	0.605	3.780	3.577	-0.31	-3.446	1.720	1.537	1.776	 AGBt
#	Isochrone	Z = 0.00100		Age = 	8.913e+09 yr
# log(age/yr)	M_ini	M_act	logL/Lo	logTe	logG	Mv	U-B	B-V	V-I	stage
	9.95	0.8748	0.873	0.408	3.823	4.21	3.832	-0.185	0.379	0.522	 TO       
	9.95	0.9113	0.908	0.851	3.736	3.43	2.821	-0.018	0.659	0.815	 RGBb     
	9.95	0.9185	0.908	1.911	3.698	2.22	0.267	0.236	0.832	0.955	 L-M      
	9.95	0.9186	0.908	1.858	3.701	2.29	0.388	0.213	0.816	0.943	 L-m      
	9.95	0.9199	0.808	3.275	3.618	0.49	-2.597	1.346	1.396	1.417	 RGBt     
	9.95	0.9199	0.808	1.710	3.736	2.52	0.667	0.033	0.650	0.807	 BHeb     
	9.95	0.9202	0.807	1.732	3.733	2.49	0.615	0.044	0.660	0.816	 Te-m     
	9.95	0.9215	0.805	1.737	3.739	2.51	0.590	0.023	0.635	0.795	 Te-M     
	9.95	0.9230	0.801	2.059	3.708	2.06	-0.137	0.191	0.788	0.917	 EHeb     
	9.95	0.9231	0.801	2.279	3.692	1.78	-0.625	0.318	0.877	0.985	 L-M      
	9.95	0.9231	0.800	2.210	3.697	1.86	-0.476	0.272	0.847	0.962	 L-m      
	9.95	0.9233	0.783	3.159	3.625	0.62	-2.383	1.221	1.353	1.361	 1TP      
	9.95	0.9233	0.594	3.746	3.579	-0.27	-3.373	1.715	1.535	1.764	 AGBt
#	Isochrone	Z = 0.00100		Age = 	1.000e+10 yr
# log(age/yr)	M_ini	M_act	logL/Lo	logTe	logG	Mv	U-B	B-V	V-I	stage
	10.00	0.8504	0.848	0.367	3.818	4.22	3.937	-0.189	0.392	0.539	 TO       
	10.00	0.8838	0.880	0.827	3.735	3.44	2.883	-0.015	0.662	0.818	 RGBb     
	10.00	0.8903	0.880	1.889	3.698	2.23	0.323	0.236	0.832	0.955	 L-M      
	10.00	0.8904	0.880	1.840	3.701	2.29	0.435	0.214	0.817	0.944	 L-m      
	10.00	0.8916	0.774	3.277	3.617	0.46	-2.586	1.371	1.405	1.430	 RGBt     
	10.00	0.8916	0.773	1.696	3.739	2.53	0.693	0.023	0.637	0.796	 BHeb     
	10.00	0.8918	0.773	1.718	3.736	2.50	0.645	0.033	0.647	0.805	 Te-m     
	10.00	0.8929	0.770	1.719	3.742	2.52	0.627	0.014	0.621	0.782	 Te-M     
	10.00	0.8942	0.766	2.051	3.708	2.05	-0.117	0.189	0.785	0.915	 EHeb     
	10.00	0.8942	0.766	2.270	3.692	1.77	-0.603	0.317	0.876	0.984	 L-M      
	10.00	0.8942	0.765	2.202	3.697	1.85	-0.456	0.271	0.846	0.961	 L-m      
	10.00	0.8944	0.748	3.135	3.626	0.63	-2.333	1.207	1.349	1.355	 1TP      
	10.00	0.8944	0.583	3.709	3.581	-0.24	-3.297	1.708	1.533	1.747	 AGBt
#	Isochrone	Z = 0.00100		Age = 	1.122e+10 yr
# log(age/yr)	M_ini	M_act	logL/Lo	logTe	logG	Mv	U-B	B-V	V-I	stage
	10.05	0.8266	0.825	0.327	3.813	4.22	4.042	-0.192	0.405	0.555	 TO       
	10.05	0.8573	0.854	0.801	3.734	3.45	2.950	-0.012	0.665	0.820	 RGBb     
	10.05	0.8633	0.853	1.867	3.698	2.24	0.378	0.236	0.832	0.956	 L-M      
	10.05	0.8634	0.852	1.828	3.700	2.29	0.468	0.218	0.820	0.946	 L-m      
	10.05	0.8644	0.740	3.280	3.615	0.43	-2.575	1.393	1.414	1.442	 RGBt     
	10.05	0.8644	0.740	1.681	3.742	2.54	0.723	0.014	0.623	0.784	 BHeb     
	10.05	0.8646	0.739	1.702	3.740	2.51	0.677	0.020	0.631	0.791	 Te-m     
	10.05	0.8655	0.737	1.700	3.747	2.54	0.667	0.004	0.603	0.767	 Te-M     
	10.05	0.8667	0.732	2.044	3.709	2.04	-0.103	0.185	0.782	0.912	 EHeb     
	10.05	0.8667	0.732	2.257	3.693	1.76	-0.575	0.314	0.873	0.981	 L-M      
	10.05	0.8667	0.732	2.191	3.698	1.85	-0.431	0.268	0.843	0.959	 L-m      
	10.05	0.8669	0.714	3.112	3.627	0.63	-2.287	1.192	1.344	1.347	 1TP      
	10.05	0.8669	0.573	3.670	3.583	-0.19	-3.221	1.700	1.530	1.727	 AGBt
#	Isochrone	Z = 0.00100		Age = 	1.259e+10 yr
# log(age/yr)	M_ini	M_act	logL/Lo	logTe	logG	Mv	U-B	B-V	V-I	stage
	10.10	0.8036	0.802	0.287	3.808	4.23	4.148	-0.190	0.420	0.573	 TO       
	10.10	0.8315	0.828	0.775	3.734	3.46	3.016	-0.009	0.669	0.822	 RGBb     
	10.10	0.8371	0.827	1.845	3.698	2.25	0.433	0.236	0.833	0.956	 L-M      
	10.10	0.8372	0.826	1.815	3.699	2.28	0.500	0.221	0.822	0.948	 L-m      
	10.10	0.8381	0.708	3.282	3.614	0.41	-2.565	1.416	1.422	1.454	 RGBt     
	10.10	0.8381	0.708	1.666	3.745	2.55	0.754	0.006	0.610	0.772	 BHeb     
	10.10	0.8383	0.707	1.686	3.743	2.52	0.710	0.012	0.618	0.780	 Te-m     
	10.10	0.8390	0.705	1.680	3.751	2.56	0.707	-0.007	0.586	0.752	 Te-M     
	10.10	0.8401	0.700	2.037	3.710	2.03	-0.088	0.182	0.779	0.910	 EHeb     
	10.10	0.8401	0.700	2.245	3.693	1.76	-0.547	0.310	0.870	0.979	 L-M      
	10.10	0.8401	0.700	2.180	3.698	1.84	-0.407	0.265	0.841	0.956	 L-m      
	10.10	0.8402	0.682	3.089	3.628	0.64	-2.240	1.177	1.338	1.340	 1TP      
	10.10	0.8403	0.562	3.631	3.586	-0.15	-3.144	1.692	1.527	1.708	 AGBt
#	Isochrone	Z = 0.00100		Age = 	1.413e+10 yr
# log(age/yr)	M_ini	M_act	logL/Lo	logTe	logG	Mv	U-B	B-V	V-I	stage
	10.15	0.7760	0.774	0.202	3.802	4.28	4.365	-0.191	0.438	0.594	 TO       
	10.15	0.8066	0.803	0.749	3.733	3.47	3.083	-0.007	0.672	0.825	 RGBb     
	10.15	0.8117	0.801	1.824	3.698	2.25	0.488	0.235	0.833	0.956	 L-M      
	10.15	0.8118	0.801	1.803	3.699	2.28	0.533	0.224	0.825	0.951	 L-m      
	10.15	0.8126	0.677	3.284	3.613	0.38	-2.555	1.438	1.430	1.466	 RGBt     
	10.15	0.8126	0.676	1.644	3.756	2.59	0.789	-0.019	0.569	0.737	 BHeb     
	10.15	0.8128	0.675	1.664	3.752	2.56	0.747	-0.009	0.582	0.748	 Te-m     
	10.15	0.8134	0.673	1.656	3.763	2.61	0.746	-0.030	0.542	0.712	 Te-M     
	10.15	0.8145	0.669	2.021	3.712	2.04	-0.055	0.170	0.768	0.901	 EHeb     
	10.15	0.8145	0.669	2.246	3.694	1.74	-0.551	0.310	0.869	0.978	 L-M      
	10.15	0.8145	0.668	2.177	3.699	1.83	-0.404	0.259	0.836	0.953	 L-m      
	10.15	0.8146	0.649	3.073	3.629	0.64	-2.208	1.164	1.332	1.334	 1TP      
	10.15	0.8146	0.552	3.587	3.589	-0.10	-3.062	1.681	1.524	1.681	 AGBt
#	Isochrone	Z = 0.00100		Age = 	1.585e+10 yr
# log(age/yr)	M_ini	M_act	logL/Lo	logTe	logG	Mv	U-B	B-V	V-I	stage
	10.20	0.7549	0.753	0.168	3.797	4.28	4.455	-0.188	0.452	0.611	 TO       
	10.20	0.7821	0.779	0.677	3.736	3.54	3.257	-0.021	0.659	0.815	 RGBb     
	10.20	0.7875	0.777	1.801	3.697	2.26	0.546	0.237	0.834	0.957	 L-M      
	10.20	0.7875	0.776	1.786	3.698	2.28	0.578	0.229	0.828	0.953	 L-m      
	10.20	0.7883	0.644	3.288	3.611	0.35	-2.544	1.465	1.440	1.480	 RGBt     
	10.20	0.7883	0.644	1.613	3.790	2.74	0.809	-0.060	0.446	0.613	 BHeb     
	10.20	0.7884	0.643	1.634	3.781	2.68	0.768	-0.050	0.474	0.643	 Te-m     
	10.20	0.7888	0.642	1.626	3.791	2.73	0.773	-0.060	0.442	0.608	 Te-M     
	10.20	0.7895	0.638	2.000	3.715	2.05	-0.015	0.151	0.752	0.888	 EHeb     
	10.20	0.7896	0.637	2.250	3.694	1.72	-0.565	0.309	0.867	0.976	 L-M      
	10.20	0.7896	0.637	2.176	3.701	1.82	-0.406	0.253	0.828	0.947	 L-m      
	10.20	0.7896	0.617	3.068	3.630	0.62	-2.198	1.162	1.331	1.332	 1TP      
	10.20	0.7897	0.541	3.538	3.593	-0.05	-2.973	1.668	1.519	1.649	 AGBt
#	Isochrone	Z = 0.00100		Age = 	1.778e+10 yr
# log(age/yr)	M_ini	M_act	logL/Lo	logTe	logG	Mv	U-B	B-V	V-I	stage
	10.25	0.7443	0.742	0.247	3.793	4.18	4.259	-0.176	0.464	0.624	 TO       
	10.25	0.7582	0.755	0.588	3.740	3.63	3.470	-0.040	0.642	0.800	 RGBb     
	10.25	0.7643	0.753	1.778	3.697	2.27	0.607	0.241	0.837	0.960	 L-M      
	10.25	0.7643	0.752	1.766	3.698	2.29	0.633	0.233	0.832	0.956	 L-m      
	10.25	0.7650	0.609	3.292	3.609	0.31	-2.532	1.496	1.451	1.497	 RGBt     
	10.25	0.7650	0.609	1.544	3.927	3.33	0.942	0.080	0.045	0.084	 BHeb     
	10.25	0.7651	0.608	1.575	3.897	3.18	0.824	0.098	0.103	0.168	 Te-m     
	10.25	0.7653	0.608	1.572	3.902	3.20	0.832	0.101	0.090	0.152	 Te-M     
	10.25	0.7661	0.605	1.983	3.721	2.07	0.013	0.122	0.725	0.867	 EHeb     
	10.25	0.7661	0.604	2.232	3.697	1.72	-0.533	0.285	0.850	0.962	 L-M      
	10.25	0.7661	0.604	2.158	3.705	1.83	-0.374	0.230	0.807	0.930	 L-m      
	10.25	0.7662	0.583	3.121	3.626	0.53	-2.294	1.236	1.362	1.361	 1TP      
	10.25	0.7662	0.529	3.477	3.598	0.02	-2.866	1.647	1.511	1.605	 AGBt
